timestamp,clientId,ab_group,rtt_ms,jitter,loss_rate,recv_bps,send_bps,gcc_estimated_bw_bps,policy_max_bitrate_bps,estimated_bw_bps
1746601918490,client_1c48aea,gcc,28.7,970.4,0.0333,104934,101982,117393,0,117393
1746601918990,client_1c48aea,gcc,27.5,965.8,0.0324,136989,128356,165797,0,165797
1746601919490,client_1c48aea,gcc,21.4,968.2,0.0328,151064,149865,154485,0,154485
1746601919990,client_1c48aea,gcc,21.1,967.1,0.0334,113523,88118,120976,0,120976
1746601920490,client_1c48aea,gcc,25.9,970.2,0.0331,135034,128084,130120,0,130120
1746601920990,client_1c48aea,gcc,24.8,965.8,0.0315,113260,121951,142574,0,142574
1746601921490,client_1c48aea,gcc,26.9,959.6,0.0335,195390,160217,184623,0,184623
1746601921990,client_1c48aea,gcc,23.6,954.2,0.0323,311820,311336,328281,0,328281
1746601922490,client_1c48aea,gcc,18.8,949.7,0.0336,294132,319543,379949,0,379949
1746601922990,client_1c48aea,gcc,24.6,950.5,0.0329,347401,386012,450946,0,450946
1746601923490,client_1c48aea,gcc,29.0,947.0,0.0328,535156,402051,515157,0,515157
1746601923990,client_1c48aea,gcc,26.8,945.2,0.0349,508532,445891,525461,0,525461
1746601924490,client_1c48aea,gcc,33.9,945.7,0.0347,448638,442628,579486,0,579486
1746601924990,client_1c48aea,gcc,29.5,944.4,0.0345,571836,535545,626163,0,626163
1746601925490,client_1c48aea,gcc,24.1,941.4,0.0326,621649,530831,673622,0,673622
1746601925990,client_1c48aea,gcc,23.4,935.4,0.0313,644774,520531,629964,0,629964
1746601926490,client_1c48aea,gcc,22.1,931.3,0.0309,648283,627709,677984,0,677984
1746601926990,client_1c48aea,gcc,24.3,930.3,0.0304,712369,585052,670993,0,670993
1746601927490,client_1c48aea,gcc,28.0,934.3,0.029,634040,546806,692359,0,692359
1746601927990,client_1c48aea,gcc,27.4,933.1,0.0298,506001,502981,641290,0,641290
1746601928490,client_1c48aea,gcc,27.4,936.7,0.0293,644895,725827,732347,0,732347
1746601928990,client_1c48aea,gcc,29.7,936.7,0.0304,596515,640756,715722,0,715722
1746601929490,client_1c48aea,gcc,29.8,931.4,0.0289,691326,594313,654604,0,654604
1746601929990,client_1c48aea,gcc,37.0,930.9,0.0289,557036,541429,634530,0,634530
1746601930490,client_1c48aea,gcc,33.8,933.6,0.0285,581283,616056,645285,0,645285
1746601930990,client_1c48aea,gcc,36.5,932.5,0.0305,521243,456775,578019,0,578019
1746601931490,client_1c48aea,gcc,25.8,931.7,0.0298,537540,582708,643220,0,643220
1746601931990,client_1c48aea,gcc,25.0,928.8,0.0305,440804,456220,555245,0,555245
1746601932490,client_1c48aea,gcc,33.0,928.0,0.0318,539376,502671,567386,0,567386
1746601932990,client_1c48aea,gcc,25.6,926.3,0.0316,554220,554758,577421,0,577421
1746601933490,client_1c48aea,gcc,14.5,923.1,0.0312,611977,613719,635496,0,635496
1746601933990,client_1c48aea,gcc,10.0,921.9,0.0294,622507,645987,724799,0,724799
1746601934490,client_1c48aea,gcc,10.0,920.5,0.031,588628,567581,724565,0,724565
1746601934990,client_1c48aea,gcc,10.0,921.2,0.0318,593786,696547,758542,0,758542
1746601935490,client_1c48aea,gcc,10.0,921.7,0.0328,764056,655577,791719,0,791719
1746601935990,client_1c48aea,gcc,10.0,923.1,0.0326,668014,687257,790400,0,790400
1746601936490,client_1c48aea,gcc,10.0,920.5,0.0317,837679,787479,901533,0,901533
1746601936990,client_1c48aea,gcc,10.0,920.1,0.0313,800690,828242,925641,0,925641
1746601937490,client_1c48aea,gcc,10.0,917.3,0.0325,925094,699283,996283,0,996283
1746601937990,client_1c48aea,gcc,10.0,916.8,0.0328,759593,971504,973259,0,973259
1746601938490,client_1c48aea,gcc,10.0,916.7,0.0329,926821,790644,1021914,0,1021914
1746601938990,client_1c48aea,gcc,10.0,914.7,0.0335,859370,959724,1104501,0,1104501
1746601939490,client_1c48aea,gcc,10.0,912.3,0.0314,949615,823676,1069652,0,1069652
1746601939990,client_1c48aea,gcc,10.0,908.8,0.0314,1095667,774429,1071859,0,1071859
1746601940490,client_1c48aea,gcc,10.0,905.6,0.0325,836429,908903,1113180,0,1113180
1746601940990,client_1c48aea,gcc,10.0,909.2,0.0335,935367,1023609,1144296,0,1144296
1746601941490,client_1c48aea,gcc,10.0,910.4,0.0327,875534,928688,1150207,0,1150207
1746601941990,client_1c48aea,gcc,10.0,912.7,0.0322,913734,1153201,1157684,0,1157684
1746601942490,client_1c48aea,gcc,10.0,919.2,0.0334,1050294,850678,1154707,0,1154707
1746601942990,client_1c48aea,gcc,10.0,918.5,0.033,906434,835095,1167179,0,1167179
1746601943490,client_1c48aea,gcc,10.0,917.6,0.0331,1116134,891569,1158879,0,1158879
1746601943990,client_1c48aea,gcc,10.0,916.5,0.0344,1280670,1072469,1188239,0,1188239
1746601944490,client_1c48aea,gcc,10.0,919.5,0.0361,1142769,1004586,1216566,0,1216566
1746601944990,client_1c48aea,gcc,10.0,910.9,0.0369,1168726,979915,1324299,0,1324299
1746601945490,client_1c48aea,gcc,10.0,905.8,0.0358,1040355,986460,1311758,0,1311758
1746601945990,client_1c48aea,gcc,10.0,905.9,0.0344,1299014,1225517,1255972,0,1255972
1746601946490,client_1c48aea,gcc,10.0,903.4,0.0352,1206790,793986,1131979,0,1131979
1746601946990,client_1c48aea,gcc,10.0,899.9,0.0349,1078967,916994,1189569,0,1189569
1746601947490,client_1c48aea,gcc,10.0,902.9,0.0334,1226015,1027921,1184073,0,1184073
1746601947990,client_1c48aea,gcc,10.0,902.7,0.0343,1179962,1200364,1290915,0,1290915
1746601948490,client_1c48aea,gcc,10.0,898.1,0.0345,1417257,1199175,1341266,0,1341266
1746601948990,client_1c48aea,gcc,10.0,893.1,0.0347,1046696,938494,1317758,0,1317758
1746601949490,client_1c48aea,gcc,10.0,889.5,0.0353,1043995,1269906,1306840,0,1306840
1746601949990,client_1c48aea,gcc,10.0,886.3,0.0347,1070857,970059,1335348,0,1335348
1746601950490,client_1c48aea,gcc,10.0,886.7,0.0379,1381522,1099565,1351534,0,1351534
1746601950990,client_1c48aea,gcc,10.0,888.2,0.0371,1046738,967927,1367648,0,1367648
1746601951490,client_1c48aea,gcc,10.0,891.3,0.0375,1300194,1151718,1399996,0,1399996
1746601951990,client_1c48aea,gcc,10.0,892.6,0.038,1121920,1285603,1324529,0,1324529
1746601952490,client_1c48aea,gcc,10.0,888.3,0.0364,1305116,947325,1306641,0,1306641
1746601952990,client_1c48aea,gcc,10.0,889.7,0.0367,1257230,1124589,1232704,0,1232704
1746601953490,client_1c48aea,gcc,10.0,884.9,0.0352,1006506,1210450,1253251,0,1253251
1746601953990,client_1c48aea,gcc,10.0,884.4,0.035,1282892,1226694,1285159,0,1285159
1746601954490,client_1c48aea,gcc,10.0,887.8,0.0356,1303009,1234936,1283404,0,1283404
1746601954990,client_1c48aea,gcc,10.0,889.3,0.0359,967390,1214348,1252313,0,1252313
1746601955490,client_1c48aea,gcc,10.0,893.6,0.0367,1352232,939104,1269330,0,1269330
1746601955990,client_1c48aea,gcc,10.0,892.8,0.0343,1042138,1116719,1298280,0,1298280
1746601956490,client_1c48aea,gcc,10.0,888.8,0.033,1261798,1229514,1344530,0,1344530
1746601956990,client_1c48aea,gcc,10.0,884.1,0.0341,1125479,1151403,1299062,0,1299062
1746601957490,client_1c48aea,gcc,10.0,884.2,0.0349,1161250,1187596,1352403,0,1352403
1746601957990,client_1c48aea,gcc,10.0,884.7,0.0345,1248682,1205426,1363182,0,1363182
1746601958490,client_1c48aea,gcc,10.0,882.7,0.0346,1126029,942267,1274138,0,1274138
1746601958990,client_1c48aea,gcc,10.0,877.6,0.0342,1225596,1193481,1263037,0,1263037
1746601959490,client_1c48aea,gcc,10.0,880.3,0.0349,996690,942035,1259750,0,1259750
1746601959990,client_1c48aea,gcc,10.0,881.1,0.0336,1179275,1174084,1295935,0,1295935
1746601960490,client_1c48aea,gcc,10.0,878.1,0.0351,1391318,1014072,1312111,0,1312111
1746601960990,client_1c48aea,gcc,10.0,876.5,0.0347,1015806,978930,1271162,0,1271162
1746601961490,client_1c48aea,gcc,10.0,875.7,0.0345,1363351,955396,1357956,0,1357956
1746601961990,client_1c48aea,gcc,10.0,876.2,0.0336,1429707,1331740,1378261,0,1378261
1746601962490,client_1c48aea,gcc,10.0,872.5,0.0324,1238331,1320269,1429690,0,1429690
1746601962990,client_1c48aea,gcc,10.0,874.2,0.0328,1369408,1279516,1370971,0,1370971
1746601963490,client_1c48aea,gcc,10.0,876.8,0.0332,1005326,1270181,1288191,0,1288191
1746601963990,client_1c48aea,gcc,10.0,877.4,0.0326,993804,1246788,1252171,0,1252171
1746601964490,client_1c48aea,gcc,10.0,875.8,0.0323,1452822,1186934,1352663,0,1352663
1746601964990,client_1c48aea,gcc,10.0,871.7,0.0315,1288883,1012634,1395682,0,1395682
1746601965490,client_1c48aea,gcc,10.0,867.1,0.0326,1273816,1220812,1357585,0,1357585
1746601965990,client_1c48aea,gcc,10.0,867.6,0.0346,1423899,1323889,1394999,0,1394999
1746601966490,client_1c48aea,gcc,10.0,872.4,0.0355,1277360,1179113,1449429,0,1449429
1746601966990,client_1c48aea,gcc,10.0,872.9,0.0353,1253993,1260078,1369965,0,1369965
1746601967490,client_1c48aea,gcc,10.0,867.7,0.0344,1257965,1091800,1428487,0,1428487
1746601967990,client_1c48aea,gcc,10.0,869.1,0.0347,1177185,1298390,1506993,0,1506993
1746601968490,client_1c48aea,gcc,10.0,870.6,0.0358,1595973,1043984,1490218,0,1490218
1746601968990,client_1c48aea,gcc,10.0,871.7,0.0365,1250158,1218365,1484496,0,1484496
1746601969490,client_1c48aea,gcc,10.0,866.5,0.0358,1384061,1459598,1545572,0,1545572
1746601969990,client_1c48aea,gcc,10.0,864.6,0.0363,1169967,1407757,1457086,0,1457086
1746601970490,client_1c48aea,gcc,10.0,866.5,0.0343,1305199,1256382,1433596,0,1433596
1746601970990,client_1c48aea,gcc,10.0,865.1,0.0341,1428905,1137710,1437760,0,1437760
1746601971490,client_1c48aea,gcc,10.0,861.4,0.035,1217822,1170451,1438581,0,1438581
1746601971990,client_1c48aea,gcc,10.0,866.3,0.0331,1503275,1156530,1411159,0,1411159
1746601972490,client_1c48aea,gcc,10.0,866.6,0.034,1471617,1159770,1419702,0,1419702
1746601972990,client_1c48aea,gcc,10.0,871.4,0.0348,1361193,1357595,1369911,0,1369911
1746601973490,client_1c48aea,gcc,10.0,871.9,0.0346,1299789,1044413,1383352,0,1383352
1746601973990,client_1c48aea,gcc,10.0,874.8,0.0349,1073868,1066637,1323401,0,1323401
1746601974490,client_1c48aea,gcc,10.0,872.4,0.0357,1348172,1294824,1387896,0,1387896
1746601974990,client_1c48aea,gcc,10.0,865.3,0.0368,1251423,1256153,1341777,0,1341777
1746601975490,client_1c48aea,gcc,10.0,858.6,0.038,1143424,996200,1350766,0,1350766
1746601975990,client_1c48aea,gcc,10.0,853.7,0.0392,1321112,1265676,1407948,0,1407948
1746601976490,client_1c48aea,gcc,10.0,849.6,0.0391,1413157,1163635,1461202,0,1461202
1746601976990,client_1c48aea,gcc,10.0,840.0,0.0375,1314805,1141992,1371613,0,1371613
1746601977490,client_1c48aea,gcc,10.0,834.0,0.0373,1512321,1243762,1420670,0,1420670
1746601977990,client_1c48aea,gcc,10.0,835.8,0.0397,1122620,1184563,1474615,0,1474615
1746601978490,client_1c48aea,gcc,10.0,829.6,0.0396,1602449,1326771,1547267,0,1547267
1746601978990,client_1c48aea,gcc,10.0,830.6,0.0397,1638670,1335961,1527539,0,1527539
1746601979490,client_1c48aea,gcc,10.0,829.8,0.04,1489533,1190216,1577888,0,1577888
1746601979990,client_1c48aea,gcc,10.0,833.3,0.0402,1663464,1186019,1546733,0,1546733
1746601980490,client_1c48aea,gcc,10.0,832.4,0.0398,1349546,1549415,1557953,0,1557953
1746601980990,client_1c48aea,gcc,10.0,828.4,0.0419,1687941,1370504,1577452,0,1577452
1746601981490,client_1c48aea,gcc,10.0,822.3,0.0436,1352636,1252520,1571400,0,1571400
1746601981990,client_1c48aea,gcc,10.0,817.9,0.0438,1524605,1473578,1621184,0,1621184
1746601982490,client_1c48aea,gcc,10.0,814.6,0.0436,1804631,1312696,1704101,0,1704101
1746601982990,client_1c48aea,gcc,10.0,814.5,0.0435,1864844,1407819,1737300,0,1737300
1746601983490,client_1c48aea,gcc,10.0,817.1,0.044,1750621,1508647,1746666,0,1746666
1746601983990,client_1c48aea,gcc,10.0,808.9,0.045,1779639,1409510,1715347,0,1715347
1746601984490,client_1c48aea,gcc,10.0,805.6,0.0444,1537321,1608297,1710098,0,1710098
1746601984990,client_1c48aea,gcc,10.0,805.1,0.0451,1663664,1374098,1731943,0,1731943
1746601985490,client_1c48aea,gcc,10.0,803.5,0.0474,1342454,1240953,1734672,0,1734672
1746601985990,client_1c48aea,gcc,10.0,802.0,0.0467,1612927,1271992,1746148,0,1746148
1746601986490,client_1c48aea,gcc,10.0,801.6,0.0467,1637180,1321880,1841084,0,1841084
1746601986990,client_1c48aea,gcc,10.0,799.5,0.047,1404473,1412330,1809216,0,1809216
1746601987490,client_1c48aea,gcc,10.0,795.6,0.0471,1750050,1673279,1858326,0,1858326
1746601987990,client_1c48aea,gcc,10.0,796.4,0.0464,1362974,1427997,1761623,0,1761623
1746601988490,client_1c48aea,gcc,10.0,795.8,0.0467,1442860,1538315,1825093,0,1825093
1746601988990,client_1c48aea,gcc,10.0,798.4,0.0463,1676193,1760025,1801658,0,1801658
1746601989490,client_1c48aea,gcc,10.0,794.8,0.0456,1528915,1781861,1856983,0,1856983
1746601989990,client_1c48aea,gcc,10.0,792.8,0.045,1665496,1328037,1886121,0,1886121
1746601990490,client_1c48aea,gcc,10.0,790.1,0.0459,1882395,1657539,1874610,0,1874610
1746601990990,client_1c48aea,gcc,10.0,787.0,0.0449,1942245,1793632,1872504,0,1872504
1746601991490,client_1c48aea,gcc,10.0,784.3,0.0454,1589198,1389894,1765764,0,1765764
1746601991990,client_1c48aea,gcc,10.0,778.5,0.0444,1514019,1398618,1778501,0,1778501
1746601992490,client_1c48aea,gcc,10.0,779.2,0.0445,1920676,1307829,1826250,0,1826250
1746601992990,client_1c48aea,gcc,10.0,776.9,0.044,1845868,1460063,1784392,0,1784392
1746601993490,client_1c48aea,gcc,10.0,776.2,0.0429,1750453,1493275,1777264,0,1777264
1746601993990,client_1c48aea,gcc,10.0,774.4,0.0432,1331032,1568958,1728118,0,1728118
1746601994490,client_1c48aea,gcc,10.0,779.4,0.0436,1556459,1475899,1686069,0,1686069
1746601994990,client_1c48aea,gcc,10.0,780.4,0.0433,1575904,1479881,1672753,0,1672753
1746601995490,client_1c48aea,gcc,10.0,774.4,0.0437,1828850,1411755,1727812,0,1727812
1746601995990,client_1c48aea,gcc,10.0,771.2,0.0422,1397866,1293646,1763904,0,1763904
1746601996490,client_1c48aea,gcc,10.0,768.8,0.0441,1484065,1539755,1748575,0,1748575
1746601996990,client_1c48aea,gcc,10.0,768.5,0.0429,1740671,1653517,1778717,0,1778717
1746601997490,client_1c48aea,gcc,10.0,769.6,0.042,1713017,1638394,1730205,0,1730205
1746601997990,client_1c48aea,gcc,10.0,770.3,0.0408,1716536,1588201,1681092,0,1681092
1746601998490,client_1c48aea,gcc,10.0,761.8,0.0401,1611724,1741988,1760702,0,1760702
1746601998990,client_1c48aea,gcc,10.0,761.9,0.04,1575135,1372486,1897837,0,1897837
1746601999490,client_1c48aea,gcc,10.0,758.4,0.0408,1815292,1570512,1957701,0,1957701
1746601999990,client_1c48aea,gcc,10.0,756.4,0.0403,1864438,1918566,1955530,0,1955530
1746602000490,client_1c48aea,gcc,10.0,758.3,0.0396,2033289,1680735,1942076,0,1942076
1746602000990,client_1c48aea,gcc,10.0,753.6,0.0397,1661361,1628118,2001780,0,2001780
1746602001490,client_1c48aea,gcc,10.0,751.3,0.0418,1544537,1848718,2015670,0,2015670
1746602001990,client_1c48aea,gcc,10.0,748.3,0.0412,2191281,1633277,2068907,0,2068907
1746602002490,client_1c48aea,gcc,10.0,750.4,0.0401,2149862,1635837,2045731,0,2045731
1746602002990,client_1c48aea,gcc,10.0,749.6,0.0373,2082119,1663596,1953185,0,1953185
1746602003490,client_1c48aea,gcc,10.0,738.5,0.037,1696037,1434746,2011454,0,2011454
1746602003990,client_1c48aea,gcc,10.0,738.5,0.0364,1550357,1742330,2035456,0,2035456
1746602004490,client_1c48aea,gcc,10.0,736.8,0.0376,1532786,1684226,1985554,0,1985554
1746602004990,client_1c48aea,gcc,10.0,736.2,0.0381,1682560,1460020,2045843,0,2045843
1746602005490,client_1c48aea,gcc,10.0,735.5,0.0371,1909027,1763951,1951419,0,1951419
1746602005990,client_1c48aea,gcc,10.0,736.3,0.0368,2056399,1673789,1941284,0,1941284
1746602006490,client_1c48aea,gcc,10.0,734.6,0.038,1780734,1701406,1979074,0,1979074
1746602006990,client_1c48aea,gcc,10.0,736.2,0.0362,1741947,1915750,1977843,0,1977843
1746602007490,client_1c48aea,gcc,10.0,735.1,0.0357,1883845,1963158,2040115,0,2040115
1746602007990,client_1c48aea,gcc,10.0,735.3,0.0361,1908752,1973569,2010419,0,2010419
1746602008490,client_1c48aea,gcc,10.0,732.9,0.0353,1743239,1898976,1948508,0,1948508
1746602008990,client_1c48aea,gcc,10.0,730.8,0.0349,2036231,1751454,1939155,0,1939155
1746602009490,client_1c48aea,gcc,10.0,729.6,0.0351,2141889,1841138,2004318,0,2004318
1746602009990,client_1c48aea,gcc,10.0,729.3,0.0369,1760140,1490808,1992473,0,1992473
1746602010490,client_1c48aea,gcc,10.0,723.9,0.0371,1876392,1677628,2024761,0,2024761
1746602010990,client_1c48aea,gcc,10.0,723.3,0.0403,1958303,1655904,2043596,0,2043596
1746602011490,client_1c48aea,gcc,10.0,718.2,0.0398,1477621,1844837,1955706,0,1955706
1746602011990,client_1c48aea,gcc,10.0,720.6,0.0389,2093073,1892531,2017839,0,2017839
1746602012490,client_1c48aea,gcc,10.0,723.4,0.0385,1574309,1461374,1989280,0,1989280
1746602012990,client_1c48aea,gcc,10.0,722.7,0.041,1623106,1459184,2017466,0,2017466
1746602013490,client_1c48aea,gcc,10.0,722.8,0.0413,1534665,1872513,2030026,0,2030026
1746602013990,client_1c48aea,gcc,10.0,723.7,0.0422,2091346,1890037,2074183,0,2074183
1746602014490,client_1c48aea,gcc,10.0,720.2,0.0425,1632588,1888909,2031728,0,2031728
1746602014990,client_1c48aea,gcc,10.0,715.3,0.0429,2005567,1446396,2035936,0,2035936
1746602015490,client_1c48aea,gcc,10.0,716.2,0.0432,2147814,1656764,2036463,0,2036463
1746602015990,client_1c48aea,gcc,10.0,711.5,0.0455,2049632,1501037,2037774,0,2037774
1746602016490,client_1c48aea,gcc,10.0,709.1,0.0445,1541880,2037323,2051823,0,2051823
1746602016990,client_1c48aea,gcc,10.0,708.1,0.0446,2300484,1541471,2153001,0,2153001
1746602017490,client_1c48aea,gcc,10.0,704.5,0.0457,1936008,1581507,2138122,0,2138122
1746602017990,client_1c48aea,gcc,10.0,702.7,0.0461,1760756,1685885,2057303,0,2057303
1746602018490,client_1c48aea,gcc,10.0,707.2,0.0466,2121539,1692223,2075857,0,2075857
1746602018990,client_1c48aea,gcc,10.0,711.9,0.0475,2045100,1751180,2022347,0,2022347
1746602019490,client_1c48aea,gcc,10.0,711.2,0.0469,1962751,1671633,2006282,0,2006282
1746602019990,client_1c48aea,gcc,10.0,710.9,0.0457,1551585,1608376,2043031,0,2043031
1746602020490,client_1c48aea,gcc,10.0,708.7,0.0442,1765186,1951772,2039492,0,2039492
1746602020990,client_1c48aea,gcc,10.0,710.8,0.0449,2023951,1906358,2033639,0,2033639
1746602021490,client_1c48aea,gcc,13.7,709.0,0.0447,1691736,1805043,1957578,0,1957578
1746602021990,client_1c48aea,gcc,15.8,709.8,0.0458,1999655,1942701,2027534,0,2027534
1746602022490,client_1c48aea,gcc,26.8,706.7,0.0421,1675785,1769155,1952169,0,1952169
1746602022990,client_1c48aea,gcc,29.7,704.3,0.0425,1730445,1500076,1934752,0,1934752
1746602023490,client_1c48aea,gcc,30.7,698.8,0.0419,2099844,1736664,1972009,0,1972009
1746602023990,client_1c48aea,gcc,29.5,705.0,0.041,1486785,1517002,1941849,0,1941849
1746602024490,client_1c48aea,gcc,35.6,705.9,0.0407,1410366,1591984,1872558,0,1872558
1746602024990,client_1c48aea,gcc,35.8,709.5,0.0413,1938071,1595800,1864444,0,1864444
1746602025490,client_1c48aea,gcc,33.1,708.6,0.0401,1934151,1646521,1831500,0,1831500
1746602025990,client_1c48aea,gcc,28.2,708.6,0.0424,1778513,1681241,1912550,0,1912550
1746602026490,client_1c48aea,gcc,33.2,706.9,0.0421,1702797,1584095,1841846,0,1841846
1746602026990,client_1c48aea,gcc,35.3,715.3,0.0429,1415199,1729546,1882088,0,1882088
1746602027490,client_1c48aea,gcc,40.2,715.9,0.0436,1565749,1476636,1894779,0,1894779
1746602027990,client_1c48aea,gcc,35.8,716.1,0.0429,1741917,1440734,1754425,0,1754425
1746602028490,client_1c48aea,gcc,37.7,718.2,0.0435,1436167,1629018,1633265,0,1633265
1746602028990,client_1c48aea,gcc,23.2,710.8,0.0437,1765231,1384242,1655016,0,1655016
1746602029490,client_1c48aea,gcc,25.8,709.6,0.0438,1552623,1581692,1626407,0,1626407
1746602029990,client_1c48aea,gcc,19.9,706.6,0.0434,1714109,1195158,1660360,0,1660360
1746602030490,client_1c48aea,gcc,11.9,705.1,0.0445,1280215,1208580,1616292,0,1616292
1746602030990,client_1c48aea,gcc,12.6,706.5,0.0444,1300448,1352616,1560018,0,1560018
1746602031490,client_1c48aea,gcc,12.7,709.5,0.0455,1348569,1447375,1603334,0,1603334
1746602031990,client_1c48aea,gcc,19.9,710.3,0.0471,1130516,1352082,1492825,0,1492825
1746602032490,client_1c48aea,gcc,22.4,712.4,0.0455,1434951,1018807,1441804,0,1441804
1746602032990,client_1c48aea,gcc,21.2,712.3,0.0462,1132735,1368913,1420352,0,1420352
1746602033490,client_1c48aea,gcc,29.6,710.7,0.0453,1186124,1183317,1438385,0,1438385
1746602033990,client_1c48aea,gcc,34.1,703.8,0.0456,1122699,1120809,1346160,0,1346160
1746602034490,client_1c48aea,gcc,37.2,700.3,0.046,1379668,1032490,1322897,0,1322897
1746602034990,client_1c48aea,gcc,40.5,700.6,0.0452,1471960,1245414,1363631,0,1363631
1746602035490,client_1c48aea,gcc,41.8,694.8,0.0452,1379561,1384350,1394249,0,1394249
1746602035990,client_1c48aea,gcc,36.1,689.7,0.0459,1122490,1174637,1376037,0,1376037
1746602036490,client_1c48aea,gcc,30.4,689.4,0.0454,1235042,920130,1306058,0,1306058
1746602036990,client_1c48aea,gcc,34.4,688.5,0.0466,1025024,1005746,1310705,0,1310705
1746602037490,client_1c48aea,gcc,36.7,690.8,0.0472,1008495,1096077,1318164,0,1318164
1746602037990,client_1c48aea,gcc,39.6,689.4,0.0449,1201754,1270540,1349916,0,1349916
1746602038490,client_1c48aea,gcc,33.7,684.6,0.0436,1089087,1154869,1407245,0,1407245
1746602038990,client_1c48aea,gcc,35.0,689.8,0.0428,1377507,1157646,1357327,0,1357327
1746602039490,client_1c48aea,gcc,29.5,691.4,0.0406,1221382,1183774,1330854,0,1330854
1746602039990,client_1c48aea,gcc,27.3,692.8,0.0397,1218574,1058275,1325927,0,1325927
1746602040490,client_1c48aea,gcc,23.8,689.9,0.0402,1113429,1125950,1291176,0,1291176
1746602040990,client_1c48aea,gcc,22.3,690.1,0.0405,1033532,995739,1285339,0,1285339
1746602041490,client_1c48aea,gcc,30.2,685.3,0.0407,1291046,1258043,1298867,0,1298867
1746602041990,client_1c48aea,gcc,36.1,677.9,0.04,1019955,1301007,1343582,0,1343582
1746602042490,client_1c48aea,gcc,39.5,680.0,0.0404,1198463,1039165,1342474,0,1342474
1746602042990,client_1c48aea,gcc,31.2,678.9,0.0396,1467427,1399787,1405976,0,1405976
1746602043490,client_1c48aea,gcc,37.6,673.6,0.0396,1332434,1429165,1442483,0,1442483
1746602043990,client_1c48aea,gcc,30.9,671.3,0.0394,1443226,1220335,1514657,0,1514657
1746602044490,client_1c48aea,gcc,27.2,667.1,0.0368,1400398,1155312,1601401,0,1601401
1746602044990,client_1c48aea,gcc,21.4,660.6,0.0368,1230932,1386649,1605472,0,1605472
1746602045490,client_1c48aea,gcc,23.4,661.1,0.0376,1400803,1556270,1609482,0,1609482
1746602045990,client_1c48aea,gcc,21.8,652.1,0.0363,1706360,1351971,1643312,0,1643312
1746602046490,client_1c48aea,gcc,26.7,649.0,0.0358,1457038,1586550,1695339,0,1695339
1746602046990,client_1c48aea,gcc,33.2,648.2,0.0355,1672053,1386088,1717231,0,1717231
1746602047490,client_1c48aea,gcc,32.2,649.1,0.0359,1424422,1439889,1735461,0,1735461
1746602047990,client_1c48aea,gcc,30.7,649.7,0.0351,1681467,1410666,1716595,0,1716595
1746602048490,client_1c48aea,gcc,31.5,648.2,0.0357,1777610,1496569,1721933,0,1721933
1746602048990,client_1c48aea,gcc,34.0,643.3,0.037,1407493,1653101,1728003,0,1728003
1746602049490,client_1c48aea,gcc,44.6,644.4,0.0361,1798619,1237819,1676049,0,1676049
1746602049990,client_1c48aea,gcc,40.8,644.9,0.0356,1617059,1540347,1684175,0,1684175
1746602050490,client_1c48aea,gcc,46.2,642.1,0.0342,1714663,1306986,1751783,0,1751783
1746602050990,client_1c48aea,gcc,52.8,641.3,0.0346,1852589,1469582,1744933,0,1744933
1746602051490,client_1c48aea,gcc,63.1,638.8,0.0348,1708906,1521012,1771784,0,1771784
1746602051990,client_1c48aea,gcc,66.7,640.1,0.0351,1763672,1313936,1738660,0,1738660
1746602052490,client_1c48aea,gcc,71.6,641.1,0.0362,1788181,1607683,1727341,0,1727341
1746602052990,client_1c48aea,gcc,67.7,644.2,0.0356,1471275,1553853,1773926,0,1773926
1746602053490,client_1c48aea,gcc,74.7,641.3,0.0371,1671435,1406186,1763457,0,1763457
1746602053990,client_1c48aea,gcc,76.5,632.7,0.0383,1646490,1694746,1814646,0,1814646
1746602054490,client_1c48aea,gcc,71.6,630.6,0.0387,1428879,1691174,1805442,0,1805442
1746602054990,client_1c48aea,gcc,78.3,628.8,0.0397,1488236,1589757,1838121,0,1838121
1746602055490,client_1c48aea,gcc,81.7,627.5,0.0391,1806092,1693516,1876310,0,1876310
1746602055990,client_1c48aea,gcc,88.0,624.9,0.0392,1535609,1505630,1838809,0,1838809
1746602056490,client_1c48aea,gcc,96.2,623.4,0.0387,1462222,1682492,1749704,0,1749704
1746602056990,client_1c48aea,gcc,93.1,622.7,0.0379,1436404,1302707,1713606,0,1713606
1746602057490,client_1c48aea,gcc,91.5,620.4,0.0383,1504070,1472926,1691867,0,1691867
1746602057990,client_1c48aea,gcc,92.0,621.4,0.0402,1741160,1281704,1622984,0,1622984
1746602058490,client_1c48aea,gcc,85.1,622.6,0.0393,1531760,1331728,1710853,0,1710853
1746602058990,client_1c48aea,gcc,85.0,624.4,0.0393,1341257,1500335,1786949,0,1786949
1746602059490,client_1c48aea,gcc,82.0,621.9,0.039,1477078,1423337,1814647,0,1814647
1746602059990,client_1c48aea,gcc,80.2,621.5,0.0411,1738229,1422485,1824777,0,1824777
1746602060490,client_1c48aea,gcc,83.2,618.5,0.0414,1924868,1451090,1892245,0,1892245
1746602060990,client_1c48aea,gcc,90.9,621.7,0.0431,1539419,1683431,1887129,0,1887129
1746602061490,client_1c48aea,gcc,88.8,622.5,0.0416,2043396,1558970,1946664,0,1946664
1746602061990,client_1c48aea,gcc,83.0,616.5,0.0416,2028054,1841151,1976548,0,1976548
1746602062490,client_1c48aea,gcc,70.4,609.7,0.0412,1510886,1846004,1965287,0,1965287
1746602062990,client_1c48aea,gcc,62.6,607.2,0.0408,1975093,1599469,1860372,0,1860372
1746602063490,client_1c48aea,gcc,61.3,605.7,0.0393,1758566,1384240,1880688,0,1880688
1746602063990,client_1c48aea,gcc,58.2,603.6,0.0381,1814559,1823232,1902906,0,1902906
1746602064490,client_1c48aea,gcc,56.2,600.6,0.0369,1615066,1795570,1873643,0,1873643
1746602064990,client_1c48aea,gcc,67.9,597.2,0.0356,1843399,1770778,1886764,0,1886764
1746602065490,client_1c48aea,gcc,64.3,597.2,0.0348,1709797,1478121,1943158,0,1943158
1746602065990,client_1c48aea,gcc,67.3,595.7,0.0335,1642194,1516784,1995029,0,1995029
1746602066490,client_1c48aea,gcc,67.5,595.0,0.0331,1732565,1596199,2038548,0,2038548
1746602066990,client_1c48aea,gcc,68.3,588.9,0.0343,1725242,1671589,2064893,0,2064893
1746602067490,client_1c48aea,gcc,71.1,589.4,0.0349,1754701,2083652,2163772,0,2163772
1746602067990,client_1c48aea,gcc,68.4,591.2,0.0343,2039687,1520177,2136071,0,2136071
1746602068490,client_1c48aea,gcc,73.2,586.3,0.0344,2082174,1835940,2144956,0,2144956
1746602068990,client_1c48aea,gcc,72.0,583.1,0.0361,2190540,1748800,2129394,0,2129394
1746602069490,client_1c48aea,gcc,73.0,582.3,0.037,1706321,1929386,2140949,0,2140949
1746602069990,client_1c48aea,gcc,69.9,584.7,0.0375,1874925,1808771,2143074,0,2143074
1746602070490,client_1c48aea,gcc,69.6,584.4,0.0365,2082428,1668433,2122458,0,2122458
1746602070990,client_1c48aea,gcc,77.4,588.6,0.0354,1987078,1783752,2116805,0,2116805
1746602071490,client_1c48aea,gcc,75.0,588.3,0.0357,2097507,1997713,2090420,0,2090420
1746602071990,client_1c48aea,gcc,75.1,586.5,0.0365,1924686,1672013,2082793,0,2082793
1746602072490,client_1c48aea,gcc,76.4,585.4,0.0365,1680654,1979839,2039629,0,2039629
1746602072990,client_1c48aea,gcc,81.3,582.5,0.0361,2109330,2015172,2083228,0,2083228
1746602073490,client_1c48aea,gcc,79.4,576.8,0.036,2101949,2002511,2121039,0,2121039
1746602073990,client_1c48aea,gcc,75.9,577.4,0.0349,1647763,1740332,2142109,0,2142109
1746602074490,client_1c48aea,gcc,73.1,575.2,0.0346,2283490,1966441,2171247,0,2171247
1746602074990,client_1c48aea,gcc,69.6,575.5,0.0353,2118279,2170647,2213607,0,2213607
1746602075490,client_1c48aea,gcc,73.3,571.3,0.0369,2124105,1807053,2233597,0,2233597
1746602075990,client_1c48aea,gcc,71.7,561.9,0.037,2021667,1787307,2231153,0,2231153
1746602076490,client_1c48aea,gcc,72.5,560.3,0.0362,1746505,1864280,2203910,0,2203910
1746602076990,client_1c48aea,gcc,67.9,557.5,0.0376,2342486,1706865,2256041,0,2256041
1746602077490,client_1c48aea,gcc,67.3,553.8,0.0381,2414604,2110632,2238666,0,2238666
1746602077990,client_1c48aea,gcc,70.2,556.1,0.0381,1876836,2231912,2263788,0,2263788
1746602078490,client_1c48aea,gcc,68.9,553.8,0.0382,2248711,1874823,2255094,0,2255094
1746602078990,client_1c48aea,gcc,63.0,551.7,0.0384,1915166,1528666,2152770,0,2152770
1746602079490,client_1c48aea,gcc,55.4,551.8,0.0384,2176028,1611300,2153739,0,2153739
1746602079990,client_1c48aea,gcc,54.6,548.6,0.0383,1598279,1700833,2117578,0,2117578
1746602080490,client_1c48aea,gcc,58.1,548.1,0.0385,2029654,1485534,2071312,0,2071312
1746602080990,client_1c48aea,gcc,60.8,549.0,0.0362,1923771,1736427,2089408,0,2089408
1746602081490,client_1c48aea,gcc,55.9,550.0,0.0371,1960990,1456019,2071856,0,2071856
1746602081990,client_1c48aea,gcc,59.1,545.2,0.0377,2100204,1659169,2056131,0,2056131
1746602082490,client_1c48aea,gcc,62.3,543.6,0.0379,1774824,1699157,2016685,0,2016685
1746602082990,client_1c48aea,gcc,63.1,547.2,0.0368,1835295,2002303,2003805,0,2003805
1746602083490,client_1c48aea,gcc,68.7,544.0,0.0366,2031959,1844380,2020971,0,2020971
1746602083990,client_1c48aea,gcc,69.8,541.8,0.0364,1813222,1633466,2072983,0,2072983
1746602084490,client_1c48aea,gcc,66.3,536.0,0.0363,1710436,1954762,2075859,0,2075859
1746602084990,client_1c48aea,gcc,62.2,534.9,0.0381,1897780,1719779,2063778,0,2063778
1746602085490,client_1c48aea,gcc,72.3,533.2,0.0391,1626523,1945455,2051458,0,2051458
1746602085990,client_1c48aea,gcc,83.9,529.9,0.0387,2211454,1907299,2077546,0,2077546
1746602086490,client_1c48aea,gcc,84.0,526.6,0.0396,2169321,1680065,2071719,0,2071719
1746602086990,client_1c48aea,gcc,81.8,532.4,0.04,1821628,1711341,2091911,0,2091911
1746602087490,client_1c48aea,gcc,90.0,529.3,0.0387,2084105,1951884,2104758,0,2104758
1746602087990,client_1c48aea,gcc,81.7,526.3,0.036,1719929,1722131,2132663,0,2132663
1746602088490,client_1c48aea,gcc,80.5,529.3,0.036,2184683,1856412,2184725,0,2184725
1746602088990,client_1c48aea,gcc,78.9,530.4,0.0381,2186233,1595892,2202463,0,2202463
1746602089490,client_1c48aea,gcc,85.4,524.7,0.0365,2072521,1675784,2196282,0,2196282
1746602089990,client_1c48aea,gcc,89.5,519.8,0.0375,1750267,1884769,2064689,0,2064689
1746602090490,client_1c48aea,gcc,91.1,514.7,0.0375,1890608,1844177,2083445,0,2083445
1746602090990,client_1c48aea,gcc,91.0,516.2,0.0363,1782281,1797721,2101317,0,2101317
1746602091490,client_1c48aea,gcc,91.4,514.6,0.0337,2155360,1848002,2062612,0,2062612
1746602091990,client_1c48aea,gcc,94.5,515.5,0.0341,1907515,1778975,2115861,0,2115861
1746602092490,client_1c48aea,gcc,91.5,513.8,0.0321,1726308,1595679,2152680,0,2152680
1746602092990,client_1c48aea,gcc,89.3,514.7,0.0325,1885809,1904664,2200226,0,2200226
1746602093490,client_1c48aea,gcc,85.1,515.8,0.0312,1820901,1595928,2206019,0,2206019
1746602093990,client_1c48aea,gcc,84.2,515.8,0.0318,2201211,1689855,2220939,0,2220939
1746602094490,client_1c48aea,gcc,92.5,515.0,0.031,1806627,1754526,2154461,0,2154461
1746602094990,client_1c48aea,gcc,86.0,515.5,0.0306,1963255,1820611,2100690,0,2100690
1746602095490,client_1c48aea,gcc,86.6,514.5,0.0291,2184699,2018920,2121452,0,2121452
1746602095990,client_1c48aea,gcc,88.4,512.0,0.0289,1925901,1689476,2146768,0,2146768
1746602096490,client_1c48aea,gcc,99.3,508.5,0.0301,1648031,1937066,2083114,0,2083114
1746602096990,client_1c48aea,gcc,101.5,504.8,0.0317,1622631,2115202,2125400,0,2125400
1746602097490,client_1c48aea,gcc,93.3,498.7,0.0326,1750488,1490371,2044993,0,2044993
1746602097990,client_1c48aea,gcc,93.5,498.4,0.0321,1849432,1551798,1901917,0,1901917
1746602098490,client_1c48aea,gcc,98.8,500.3,0.0326,1704672,1535304,1887168,0,1887168
1746602098990,client_1c48aea,gcc,102.7,498.6,0.0317,1776811,1454343,1887924,0,1887924
1746602099490,client_1c48aea,gcc,104.2,499.9,0.0324,1498249,1353781,1873081,0,1873081
1746602099990,client_1c48aea,gcc,101.6,493.7,0.0308,1523621,1692729,1775174,0,1775174
1746602100490,client_1c48aea,gcc,112.8,493.7,0.0299,1497815,1734143,1837439,0,1837439
1746602100990,client_1c48aea,gcc,118.6,487.7,0.0297,1670185,1705604,1881843,0,1881843
1746602101490,client_1c48aea,gcc,115.5,485.8,0.0275,1664497,1807831,1885137,0,1885137
1746602101990,client_1c48aea,gcc,119.2,482.4,0.0277,1644899,1526806,1944246,0,1944246
1746602102490,client_1c48aea,gcc,120.5,480.6,0.0268,1987707,1663809,1911838,0,1911838
1746602102990,client_1c48aea,gcc,129.1,480.5,0.0276,1807995,1837751,1891019,0,1891019
1746602103490,client_1c48aea,gcc,122.3,481.6,0.0274,1908576,1317535,1786386,0,1786386
1746602103990,client_1c48aea,gcc,112.0,488.8,0.0261,1743085,1712365,1754162,0,1754162
1746602104490,client_1c48aea,gcc,105.3,492.1,0.0272,1646888,1410389,1758884,0,1758884
1746602104990,client_1c48aea,gcc,111.3,495.9,0.0263,1666645,1773550,1782769,0,1782769
1746602105490,client_1c48aea,gcc,110.1,501.3,0.0254,1575144,1553975,1838463,0,1838463
1746602105990,client_1c48aea,gcc,101.5,498.9,0.026,1815882,1556134,1915098,0,1915098
1746602106490,client_1c48aea,gcc,97.2,498.9,0.0257,1758309,1680793,1956798,0,1956798
1746602106990,client_1c48aea,gcc,102.3,495.4,0.0249,1740280,1672343,1962980,0,1962980
1746602107490,client_1c48aea,gcc,105.4,493.7,0.0262,1768359,1899812,2000489,0,2000489
1746602107990,client_1c48aea,gcc,108.1,493.1,0.0264,2086710,1787531,1947362,0,1947362
1746602108490,client_1c48aea,gcc,105.4,496.0,0.0259,1908609,1893474,1977159,0,1977159
1746602108990,client_1c48aea,gcc,105.5,497.9,0.0258,1868118,1666699,2114502,0,2114502
1746602109490,client_1c48aea,gcc,105.3,495.7,0.0267,1955437,1767968,2200180,0,2200180
1746602109990,client_1c48aea,gcc,105.4,493.4,0.027,2078438,1904318,2231777,0,2231777
1746602110490,client_1c48aea,gcc,100.9,492.6,0.0259,2146539,1678929,2282397,0,2282397
1746602110990,client_1c48aea,gcc,103.5,490.6,0.0262,2327681,2013081,2274811,0,2274811
1746602111490,client_1c48aea,gcc,102.8,491.1,0.0256,1970357,2274564,2305152,0,2305152
1746602111990,client_1c48aea,gcc,104.1,492.5,0.0247,2287053,2195594,2355414,0,2355414
1746602112490,client_1c48aea,gcc,115.0,493.2,0.0267,2131228,1856282,2314481,0,2314481
1746602112990,client_1c48aea,gcc,112.7,497.9,0.0277,1936273,2076088,2309999,0,2309999
1746602113490,client_1c48aea,gcc,121.9,493.2,0.0271,2197601,1965818,2346261,0,2346261
1746602113990,client_1c48aea,gcc,129.2,486.9,0.0252,2476555,2069287,2376724,0,2376724
1746602114490,client_1c48aea,gcc,135.2,481.8,0.0286,2475348,2342807,2400544,0,2400544
1746602114990,client_1c48aea,gcc,130.4,482.4,0.0288,2021132,1787213,2469433,0,2469433
1746602115490,client_1c48aea,gcc,127.3,479.8,0.0282,2275871,2385068,2429559,0,2429559
1746602115990,client_1c48aea,gcc,122.3,485.0,0.0283,2279826,1919027,2369806,0,2369806
1746602116490,client_1c48aea,gcc,116.2,478.9,0.0279,2277466,2130327,2329167,0,2329167
1746602116990,client_1c48aea,gcc,113.4,475.6,0.0259,2247709,1869491,2301265,0,2301265
1746602117490,client_1c48aea,gcc,118.3,475.8,0.025,1785071,1757490,2369050,0,2369050
1746602117990,client_1c48aea,gcc,117.0,474.6,0.0272,2311658,2136101,2338169,0,2338169
1746602118490,client_1c48aea,gcc,110.8,473.2,0.0264,2318181,2127966,2420788,0,2420788
1746602118990,client_1c48aea,gcc,110.5,477.0,0.0278,2032580,1799051,2433020,0,2433020
1746602119490,client_1c48aea,gcc,108.7,473.0,0.0282,2240663,2152529,2414891,0,2414891
1746602119990,client_1c48aea,gcc,105.9,471.4,0.0266,2301855,1790288,2446164,0,2446164
1746602120490,client_1c48aea,gcc,101.0,468.5,0.026,2085881,2260441,2341041,0,2341041
1746602120990,client_1c48aea,gcc,103.7,466.0,0.0242,2167088,2136843,2327432,0,2327432
1746602121490,client_1c48aea,gcc,105.4,467.7,0.0227,2189764,2112204,2260950,0,2260950
1746602121990,client_1c48aea,gcc,111.0,462.9,0.0217,1976368,1695190,2182445,0,2182445
1746602122490,client_1c48aea,gcc,108.8,460.1,0.0229,2290302,1896498,2258763,0,2258763
1746602122990,client_1c48aea,gcc,110.5,461.2,0.0231,2356554,1837695,2208365,0,2208365
1746602123490,client_1c48aea,gcc,110.1,462.5,0.0223,1980597,1657561,2191026,0,2191026
1746602123990,client_1c48aea,gcc,109.6,458.2,0.0208,2382100,2188975,2230390,0,2230390
1746602124490,client_1c48aea,gcc,120.1,457.4,0.0202,1855141,1734180,2107740,0,2107740
1746602124990,client_1c48aea,gcc,123.1,458.6,0.0202,2318163,1967377,2195655,0,2195655
1746602125490,client_1c48aea,gcc,120.0,462.6,0.0218,2064859,1900758,2140382,0,2140382
1746602125990,client_1c48aea,gcc,108.3,456.8,0.0215,2020577,1832812,2172331,0,2172331
1746602126490,client_1c48aea,gcc,108.3,459.2,0.0226,1689630,1772473,2122869,0,2122869
1746602126990,client_1c48aea,gcc,111.1,459.1,0.0231,1761894,1795997,2059313,0,2059313
1746602127490,client_1c48aea,gcc,112.1,453.7,0.0247,2130156,1698246,2031395,0,2031395
1746602127990,client_1c48aea,gcc,117.1,448.8,0.0257,2136171,1771361,2001886,0,2001886
1746602128490,client_1c48aea,gcc,120.5,448.9,0.0259,2149224,1613867,1997070,0,1997070
1746602128990,client_1c48aea,gcc,119.7,450.6,0.0279,2124683,1743565,2035844,0,2035844
1746602129490,client_1c48aea,gcc,115.9,448.2,0.0291,1802949,1498552,2047150,0,2047150
1746602129990,client_1c48aea,gcc,117.9,447.4,0.0299,1878745,1589378,1980604,0,1980604
1746602130490,client_1c48aea,gcc,114.0,446.0,0.0301,1458234,1663446,1878451,0,1878451
1746602130990,client_1c48aea,gcc,122.0,443.9,0.0306,1941194,1642814,1882742,0,1882742
1746602131490,client_1c48aea,gcc,124.3,440.5,0.0317,1512535,1494462,1814531,0,1814531
1746602131990,client_1c48aea,gcc,126.5,434.0,0.0309,1874353,1412037,1799093,0,1799093
1746602132490,client_1c48aea,gcc,128.4,434.1,0.0316,1834669,1458267,1798798,0,1798798
1746602132990,client_1c48aea,gcc,128.2,438.5,0.0302,1642113,1787750,1788571,0,1788571
1746602133490,client_1c48aea,gcc,142.0,442.3,0.0302,1321569,1430406,1700852,0,1700852
1746602133990,client_1c48aea,gcc,143.7,441.8,0.0306,1821889,1350850,1727856,0,1727856
1746602134490,client_1c48aea,gcc,150.8,435.9,0.0293,1823591,1571825,1731594,0,1731594
1746602134990,client_1c48aea,gcc,147.5,437.2,0.0286,1631060,1593261,1710958,0,1710958
1746602135490,client_1c48aea,gcc,148.1,432.8,0.0277,1556027,1315579,1683853,0,1683853
1746602135990,client_1c48aea,gcc,148.2,425.2,0.0272,1528600,1231944,1709944,0,1709944
1746602136490,client_1c48aea,gcc,149.1,424.5,0.0296,1653720,1511736,1633286,0,1633286
1746602136990,client_1c48aea,gcc,150.0,423.4,0.0295,1532193,1158019,1569402,0,1569402
1746602137490,client_1c48aea,gcc,152.4,414.4,0.0285,1380966,1560911,1568609,0,1568609
1746602137990,client_1c48aea,gcc,152.2,416.4,0.0292,1485083,1218461,1554968,0,1554968
1746602138490,client_1c48aea,gcc,151.7,415.8,0.0277,1434427,1104595,1507997,0,1507997
1746602138990,client_1c48aea,gcc,147.1,412.3,0.0279,1411526,1533628,1573170,0,1573170
1746602139490,client_1c48aea,gcc,151.5,413.9,0.0302,1702209,1380476,1617346,0,1617346
1746602139990,client_1c48aea,gcc,147.6,418.1,0.031,1614003,1223783,1659656,0,1659656
1746602140490,client_1c48aea,gcc,150.9,419.9,0.032,1326684,1231731,1658366,0,1658366
1746602140990,client_1c48aea,gcc,148.4,418.2,0.0314,1278980,1521908,1621796,0,1621796
1746602141490,client_1c48aea,gcc,142.5,420.0,0.031,1688058,1307409,1588515,0,1588515
1746602141990,client_1c48aea,gcc,141.3,416.4,0.032,1643831,1198330,1595501,0,1595501
1746602142490,client_1c48aea,gcc,147.4,417.2,0.033,1266645,1205218,1653936,0,1653936
1746602142990,client_1c48aea,gcc,148.5,417.3,0.0329,1467745,1464947,1633932,0,1633932
1746602143490,client_1c48aea,gcc,154.9,408.6,0.0315,1396013,1492208,1563538,0,1563538
1746602143990,client_1c48aea,gcc,152.5,405.1,0.0327,1216343,1254199,1535700,0,1535700
1746602144490,client_1c48aea,gcc,156.1,399.9,0.0338,1749252,1434782,1651099,0,1651099
1746602144990,client_1c48aea,gcc,156.7,396.0,0.0347,1349168,1625487,1696056,0,1696056
1746602145490,client_1c48aea,gcc,162.0,385.9,0.0353,1712972,1656827,1692904,0,1692904
1746602145990,client_1c48aea,gcc,156.7,389.4,0.0355,1426634,1241324,1680955,0,1680955
1746602146490,client_1c48aea,gcc,163.6,388.0,0.034,1543059,1466590,1772038,0,1772038
1746602146990,client_1c48aea,gcc,166.4,386.8,0.0342,1405283,1405937,1832288,0,1832288
1746602147490,client_1c48aea,gcc,172.3,386.7,0.0342,2051886,1476867,1922592,0,1922592
1746602147990,client_1c48aea,gcc,170.9,384.0,0.0338,2028878,1767223,1992455,0,1992455
1746602148490,client_1c48aea,gcc,165.5,382.6,0.0338,2019057,1610013,1992787,0,1992787
1746602148990,client_1c48aea,gcc,156.6,379.6,0.0344,1982940,1682885,2026968,0,2026968
1746602149490,client_1c48aea,gcc,160.5,376.9,0.0344,1922730,1714752,2070695,0,2070695
1746602149990,client_1c48aea,gcc,158.6,374.7,0.0359,2079039,1366497,1934486,0,1934486
1746602150490,client_1c48aea,gcc,162.5,372.4,0.0374,1633386,1749362,1932433,0,1932433
1746602150990,client_1c48aea,gcc,163.1,374.3,0.0379,1617179,1710117,1855991,0,1855991
1746602151490,client_1c48aea,gcc,162.8,372.8,0.0389,1572502,1320622,1846506,0,1846506
1746602151990,client_1c48aea,gcc,165.7,369.7,0.0382,1527481,1739100,1906271,0,1906271
1746602152490,client_1c48aea,gcc,161.3,371.9,0.0382,1533888,1503849,1860611,0,1860611
1746602152990,client_1c48aea,gcc,163.1,370.6,0.0364,1572651,1763433,1846271,0,1846271
1746602153490,client_1c48aea,gcc,159.6,369.5,0.0349,1630394,1335161,1858114,0,1858114
1746602153990,client_1c48aea,gcc,163.0,362.1,0.0349,1890873,1634228,1888765,0,1888765
1746602154490,client_1c48aea,gcc,162.1,358.4,0.0347,1836331,1420035,1847351,0,1847351
1746602154990,client_1c48aea,gcc,162.8,355.9,0.0347,1884065,1637376,1803880,0,1803880
1746602155490,client_1c48aea,gcc,159.2,354.9,0.0339,1436729,1649189,1770782,0,1770782
1746602155990,client_1c48aea,gcc,151.4,355.8,0.0337,1761277,1260852,1734406,0,1734406
1746602156490,client_1c48aea,gcc,151.4,354.1,0.0334,1830034,1643632,1733668,0,1733668
1746602156990,client_1c48aea,gcc,152.9,355.6,0.0328,1570517,1403955,1677344,0,1677344
1746602157490,client_1c48aea,gcc,150.2,353.4,0.0332,1395627,1278893,1619964,0,1619964
1746602157990,client_1c48aea,gcc,149.8,353.7,0.0332,1284516,1584490,1637480,0,1637480
1746602158490,client_1c48aea,gcc,144.8,355.7,0.0329,1644056,1354450,1651385,0,1651385
1746602158990,client_1c48aea,gcc,149.7,359.4,0.0332,1615707,1303835,1593986,0,1593986
1746602159490,client_1c48aea,gcc,147.9,356.4,0.0329,1553640,1273416,1534033,0,1534033
1746602159990,client_1c48aea,gcc,146.1,355.3,0.0344,1289888,1576633,1592843,0,1592843
1746602160490,client_1c48aea,gcc,154.1,354.5,0.0334,1759431,1252272,1682265,0,1682265
1746602160990,client_1c48aea,gcc,162.3,358.3,0.0334,1568565,1416815,1703391,0,1703391
1746602161490,client_1c48aea,gcc,162.7,353.3,0.0357,1570890,1348151,1686826,0,1686826
1746602161990,client_1c48aea,gcc,159.2,354.1,0.0342,1769312,1531666,1684633,0,1684633
1746602162490,client_1c48aea,gcc,156.4,353.5,0.0346,1317111,1514364,1719711,0,1719711
1746602162990,client_1c48aea,gcc,160.0,350.2,0.0351,1710373,1530648,1729801,0,1729801
1746602163490,client_1c48aea,gcc,159.5,348.1,0.0354,1331433,1349641,1726988,0,1726988
1746602163990,client_1c48aea,gcc,165.0,345.3,0.0358,1792703,1511475,1694869,0,1694869
1746602164490,client_1c48aea,gcc,173.3,347.4,0.0363,1713530,1313204,1616272,0,1616272
1746602164990,client_1c48aea,gcc,173.2,346.9,0.0374,1571951,1458598,1523836,0,1523836
1746602165490,client_1c48aea,gcc,179.5,344.2,0.0368,1143864,1224109,1519315,0,1519315
1746602165990,client_1c48aea,gcc,170.9,339.1,0.0373,1213616,1443609,1447469,0,1447469
1746602166490,client_1c48aea,gcc,166.2,333.6,0.0374,1245230,1450089,1454189,0,1454189
1746602166990,client_1c48aea,gcc,163.9,336.5,0.0361,1138657,1229988,1395297,0,1395297
1746602167490,client_1c48aea,gcc,167.3,333.4,0.0349,1272299,1214664,1426184,0,1426184
1746602167990,client_1c48aea,gcc,179.9,337.1,0.0346,1088172,1108688,1446011,0,1446011
1746601918490,client_4afddd7,gcc,40.1,306.9,0.0314,84748,87962,111010,0,111010
1746601918990,client_4afddd7,gcc,50.5,304.1,0.0312,116776,119002,124493,0,124493
1746601919490,client_4afddd7,gcc,48.4,305.9,0.0298,128779,113906,125211,0,125211
1746601919990,client_4afddd7,gcc,53.3,310.0,0.0294,157715,130570,146240,0,146240
1746601920490,client_4afddd7,gcc,41.3,302.1,0.0276,128969,91530,122014,0,122014
1746601920990,client_4afddd7,gcc,47.9,303.8,0.0266,82670,87667,88774,0,88774
1746601921490,client_4afddd7,gcc,52.6,306.7,0.0255,47107,44142,58958,0,58958
1746601921990,client_4afddd7,gcc,60.2,307.9,0.0245,35689,35682,40916,0,40916
1746601922490,client_4afddd7,gcc,63.9,309.3,0.0248,7805,9444,10000,0,10000
1746601922990,client_4afddd7,gcc,61.5,308.3,0.0244,71605,70148,89043,0,89043
1746601923490,client_4afddd7,gcc,59.2,311.5,0.0239,150078,161162,170399,0,170399
1746601923990,client_4afddd7,gcc,66.1,308.0,0.0254,198660,172239,242403,0,242403
1746601924490,client_4afddd7,gcc,69.4,309.5,0.0252,175386,177966,223906,0,223906
1746601924990,client_4afddd7,gcc,75.4,311.9,0.0242,237762,241066,257445,0,257445
1746601925490,client_4afddd7,gcc,81.1,313.2,0.0245,131146,120481,149052,0,149052
1746601925990,client_4afddd7,gcc,92.6,315.3,0.0245,44052,49236,52737,0,52737
1746601926490,client_4afddd7,gcc,91.6,315.3,0.0248,82489,58724,80819,0,80819
1746601926990,client_4afddd7,gcc,92.9,315.1,0.0259,92805,113413,119999,0,119999
1746601927490,client_4afddd7,gcc,91.2,314.8,0.0261,116568,112537,147382,0,147382
1746601927990,client_4afddd7,gcc,89.0,315.3,0.0256,120689,92511,124278,0,124278
1746601928490,client_4afddd7,gcc,85.0,309.6,0.025,97486,121237,123118,0,123118
1746601928990,client_4afddd7,gcc,83.0,309.6,0.0239,120781,86145,114169,0,114169
1746601929490,client_4afddd7,gcc,84.5,309.7,0.0244,76140,79312,100625,0,100625
1746601929990,client_4afddd7,gcc,78.1,309.3,0.0259,54215,53377,58813,0,58813
1746601930490,client_4afddd7,gcc,82.5,308.8,0.0267,55444,56141,60771,0,60771
1746601930990,client_4afddd7,gcc,82.8,314.1,0.026,79473,83783,105375,0,105375
1746601931490,client_4afddd7,gcc,80.3,316.1,0.0258,98962,92723,118388,0,118388
1746601931990,client_4afddd7,gcc,71.8,319.4,0.025,19865,18262,25844,0,25844
1746601932490,client_4afddd7,gcc,75.8,319.2,0.0242,8085,9528,10000,0,10000
1746601932990,client_4afddd7,gcc,80.7,319.2,0.024,31964,32915,39458,0,39458
1746601933490,client_4afddd7,gcc,82.4,319.1,0.023,68398,50653,67873,0,67873
1746601933990,client_4afddd7,gcc,88.2,321.7,0.0217,23280,19900,27749,0,27749
1746601934490,client_4afddd7,gcc,98.2,327.3,0.0232,10750,8388,10000,0,10000
1746601934990,client_4afddd7,gcc,95.6,330.1,0.0225,9998,7975,10000,0,10000
1746601935490,client_4afddd7,gcc,97.1,333.7,0.0231,22051,19104,20667,0,20667
1746601935990,client_4afddd7,gcc,103.8,340.4,0.0241,79984,65876,81122,0,81122
1746601936490,client_4afddd7,gcc,112.0,338.0,0.0246,147495,123896,172103,0,172103
1746601936990,client_4afddd7,gcc,118.5,337.9,0.0247,202337,154878,211342,0,211342
1746601937490,client_4afddd7,gcc,117.4,344.5,0.0233,193174,190435,210771,0,210771
1746601937990,client_4afddd7,gcc,116.6,345.3,0.0236,205100,177818,192404,0,192404
1746601938490,client_4afddd7,gcc,118.7,342.2,0.0236,238855,212817,257247,0,257247
1746601938990,client_4afddd7,gcc,113.1,339.7,0.0231,168417,170591,198386,0,198386
1746601939490,client_4afddd7,gcc,113.6,343.0,0.0214,124573,109478,118372,0,118372
1746601939990,client_4afddd7,gcc,126.7,344.7,0.0217,83130,66009,80973,0,80973
1746601940490,client_4afddd7,gcc,128.1,344.5,0.0232,72598,70519,75692,0,75692
1746601940990,client_4afddd7,gcc,129.3,340.0,0.0229,39434,36645,37591,0,37591
1746601941490,client_4afddd7,gcc,133.0,342.7,0.0224,35654,25413,35830,0,35830
1746601941990,client_4afddd7,gcc,141.8,343.2,0.0222,12047,11446,11651,0,11651
1746601942490,client_4afddd7,gcc,139.0,343.1,0.0224,10617,8357,10000,0,10000
1746601942990,client_4afddd7,gcc,136.7,340.4,0.0219,7871,9744,10000,0,10000
1746601943490,client_4afddd7,gcc,130.2,335.3,0.0208,9514,8759,10000,0,10000
1746601943990,client_4afddd7,gcc,127.8,339.9,0.0194,9580,9890,10000,0,10000
1746601944490,client_4afddd7,gcc,126.7,338.1,0.0178,10750,9641,10000,0,10000
1746601944990,client_4afddd7,gcc,124.9,341.9,0.0178,10427,8428,10000,0,10000
1746601945490,client_4afddd7,gcc,126.1,348.0,0.0178,9228,7680,10000,0,10000
1746601945990,client_4afddd7,gcc,130.4,349.4,0.0173,10339,7174,10000,0,10000
1746601946490,client_4afddd7,gcc,134.3,348.5,0.0181,10588,8594,10000,0,10000
1746601946990,client_4afddd7,gcc,134.4,352.6,0.0183,9353,8744,10000,0,10000
1746601947490,client_4afddd7,gcc,134.4,349.3,0.0199,9481,7007,10000,0,10000
1746601947990,client_4afddd7,gcc,134.0,351.0,0.0193,9998,7541,10000,0,10000
1746601948490,client_4afddd7,gcc,144.5,350.8,0.0181,10194,8646,10000,0,10000
1746601948990,client_4afddd7,gcc,139.5,351.0,0.0182,9438,7906,10000,0,10000
1746601949490,client_4afddd7,gcc,146.5,359.1,0.0176,20836,18767,20687,0,20687
1746601949990,client_4afddd7,gcc,142.3,360.0,0.0183,43200,38719,49180,0,49180
1746601950490,client_4afddd7,gcc,143.2,360.4,0.0177,30399,22592,30691,0,30691
1746601950990,client_4afddd7,gcc,151.3,358.8,0.0188,9423,8523,10000,0,10000
1746601951490,client_4afddd7,gcc,158.7,360.4,0.0189,10178,7150,10000,0,10000
1746601951990,client_4afddd7,gcc,154.3,363.8,0.02,9514,7944,10000,0,10000
1746601952490,client_4afddd7,gcc,154.5,364.6,0.0188,8814,8452,10000,0,10000
1746601952990,client_4afddd7,gcc,151.4,365.0,0.0191,7985,9467,10000,0,10000
1746601953490,client_4afddd7,gcc,148.9,365.5,0.0191,10454,7969,10000,0,10000
1746601953990,client_4afddd7,gcc,156.9,365.4,0.0196,7767,9487,10000,0,10000
1746601954490,client_4afddd7,gcc,160.1,366.9,0.02,8150,7138,10000,0,10000
1746601954990,client_4afddd7,gcc,159.6,367.1,0.0202,9705,8152,10000,0,10000
1746601955490,client_4afddd7,gcc,163.5,369.8,0.0206,9990,9317,10000,0,10000
1746601955990,client_4afddd7,gcc,166.8,368.8,0.0218,8424,9980,10000,0,10000
1746601956490,client_4afddd7,gcc,163.1,375.3,0.0213,7523,7684,10000,0,10000
1746601956990,client_4afddd7,gcc,150.2,375.6,0.022,10785,7669,10000,0,10000
1746601957490,client_4afddd7,gcc,148.6,371.3,0.0215,8120,9348,10000,0,10000
1746601957990,client_4afddd7,gcc,145.1,373.9,0.0216,7953,8593,10000,0,10000
1746601958490,client_4afddd7,gcc,146.8,376.0,0.0226,9392,9313,10000,0,10000
1746601958990,client_4afddd7,gcc,153.3,375.5,0.0218,7690,9628,10000,0,10000
1746601959490,client_4afddd7,gcc,154.4,373.0,0.0221,7706,9880,10000,0,10000
1746601959990,client_4afddd7,gcc,155.0,369.3,0.0204,9831,8179,10000,0,10000
1746601960490,client_4afddd7,gcc,154.8,370.1,0.0225,9878,7549,10000,0,10000
1746601960990,client_4afddd7,gcc,151.7,375.1,0.0232,10259,7842,10000,0,10000
1746601961490,client_4afddd7,gcc,147.1,377.0,0.0226,10509,8152,10000,0,10000
1746601961990,client_4afddd7,gcc,146.3,378.4,0.0227,9687,8865,10000,0,10000
1746601962490,client_4afddd7,gcc,142.1,377.0,0.0228,8764,7895,10000,0,10000
1746601962990,client_4afddd7,gcc,147.8,379.9,0.0243,10349,8930,10000,0,10000
1746601963490,client_4afddd7,gcc,147.1,379.2,0.0243,7645,7396,10000,0,10000
1746601963990,client_4afddd7,gcc,149.2,378.8,0.0235,7795,8268,10000,0,10000
1746601964490,client_4afddd7,gcc,150.1,381.1,0.0234,8436,8332,10000,0,10000
1746601964990,client_4afddd7,gcc,154.0,383.7,0.0223,9977,9138,10000,0,10000
1746601965490,client_4afddd7,gcc,160.5,378.3,0.0229,8363,7880,10000,0,10000
1746601965990,client_4afddd7,gcc,166.6,387.4,0.0216,8743,7788,10000,0,10000
1746601966490,client_4afddd7,gcc,173.1,386.5,0.0204,10534,9978,10000,0,10000
1746601966990,client_4afddd7,gcc,173.0,384.5,0.0207,7944,7945,10000,0,10000
1746601967490,client_4afddd7,gcc,167.7,385.9,0.0207,8240,7570,10000,0,10000
1746601967990,client_4afddd7,gcc,167.6,390.8,0.0207,7980,9826,10000,0,10000
1746601968490,client_4afddd7,gcc,172.2,392.1,0.022,10478,7485,10000,0,10000
1746601968990,client_4afddd7,gcc,174.0,394.8,0.0215,7948,8679,10000,0,10000
1746601969490,client_4afddd7,gcc,183.8,397.6,0.0216,8540,8137,10000,0,10000
1746601969990,client_4afddd7,gcc,189.2,393.8,0.0211,9290,8651,10000,0,10000
1746601970490,client_4afddd7,gcc,183.0,393.0,0.0199,7913,9646,10000,0,10000
1746601970990,client_4afddd7,gcc,180.2,394.6,0.0192,9599,7605,10000,0,10000
1746601971490,client_4afddd7,gcc,180.8,396.9,0.0183,10469,8606,10000,0,10000
1746601971990,client_4afddd7,gcc,176.9,401.7,0.0187,7958,9083,10000,0,10000
1746601972490,client_4afddd7,gcc,166.8,401.0,0.0191,8454,7573,10000,0,10000
1746601972990,client_4afddd7,gcc,173.7,399.3,0.0194,7971,7294,10000,0,10000
1746601973490,client_4afddd7,gcc,173.6,397.4,0.0184,10718,9658,10000,0,10000
1746601973990,client_4afddd7,gcc,171.6,391.6,0.0176,8384,8067,10000,0,10000
1746601974490,client_4afddd7,gcc,159.8,395.1,0.0191,7546,8067,10000,0,10000
1746601974990,client_4afddd7,gcc,155.4,394.0,0.019,7939,8118,10000,0,10000
1746601975490,client_4afddd7,gcc,164.5,395.7,0.0192,10632,9231,10000,0,10000
1746601975990,client_4afddd7,gcc,159.5,393.6,0.0202,8704,8159,10000,0,10000
1746601976490,client_4afddd7,gcc,158.2,393.0,0.02,10742,8367,10000,0,10000
1746601976990,client_4afddd7,gcc,158.2,394.2,0.0198,8455,7395,10000,0,10000
1746601977490,client_4afddd7,gcc,154.8,393.9,0.0203,10489,8490,10000,0,10000
1746601977990,client_4afddd7,gcc,145.1,394.6,0.0198,7903,7157,10000,0,10000
1746601978490,client_4afddd7,gcc,150.8,397.9,0.0207,7702,7772,10000,0,10000
1746601978990,client_4afddd7,gcc,147.2,403.2,0.0216,8020,8508,10000,0,10000
1746601979490,client_4afddd7,gcc,145.5,399.1,0.0209,8851,9281,10000,0,10000
1746601979990,client_4afddd7,gcc,149.3,395.0,0.0198,10510,9496,10000,0,10000
1746601980490,client_4afddd7,gcc,151.1,398.6,0.0199,10051,9592,10000,0,10000
1746601980990,client_4afddd7,gcc,147.4,399.8,0.0209,10035,9756,10000,0,10000
1746601981490,client_4afddd7,gcc,148.4,399.3,0.0197,7677,9381,10000,0,10000
1746601981990,client_4afddd7,gcc,150.8,396.0,0.0212,8256,7943,10000,0,10000
1746601982490,client_4afddd7,gcc,155.7,391.2,0.0207,10436,9290,10000,0,10000
1746601982990,client_4afddd7,gcc,156.0,390.5,0.0206,9776,9710,10000,0,10000
1746601983490,client_4afddd7,gcc,153.8,390.7,0.0209,10364,7231,10000,0,10000
1746601983990,client_4afddd7,gcc,158.9,390.5,0.0224,10652,7541,10000,0,10000
1746601984490,client_4afddd7,gcc,162.1,391.7,0.0219,9787,9289,10000,0,10000
1746601984990,client_4afddd7,gcc,168.3,390.7,0.0221,8310,7204,10000,0,10000
1746601985490,client_4afddd7,gcc,162.9,384.0,0.022,8236,7425,10000,0,10000
1746601985990,client_4afddd7,gcc,160.7,379.7,0.0204,9369,7789,10000,0,10000
1746601986490,client_4afddd7,gcc,162.8,378.3,0.0202,8516,9561,10000,0,10000
1746601986990,client_4afddd7,gcc,160.1,381.0,0.0194,8096,7460,10000,0,10000
1746601987490,client_4afddd7,gcc,160.7,378.8,0.0206,8655,7727,10000,0,10000
1746601987990,client_4afddd7,gcc,159.1,376.9,0.0189,7778,7161,10000,0,10000
1746601988490,client_4afddd7,gcc,162.3,373.5,0.0179,58601,57289,62002,0,62002
1746601988990,client_4afddd7,gcc,163.3,374.8,0.0192,51483,43612,49078,0,49078
1746601989490,client_4afddd7,gcc,166.4,375.3,0.0193,19316,21364,25320,0,25320
1746601989990,client_4afddd7,gcc,178.2,374.2,0.0211,8035,7794,10000,0,10000
1746601990490,client_4afddd7,gcc,181.6,379.0,0.0217,10147,9816,10000,0,10000
1746601990990,client_4afddd7,gcc,195.9,382.6,0.0208,8339,9126,10000,0,10000
1746601991490,client_4afddd7,gcc,195.5,385.6,0.0207,10532,9699,10000,0,10000
1746601991990,client_4afddd7,gcc,196.8,385.0,0.0203,9853,9512,10000,0,10000
1746601992490,client_4afddd7,gcc,199.8,386.9,0.0201,16685,15650,21992,0,21992
1746601992990,client_4afddd7,gcc,198.4,386.7,0.0217,83621,99483,101028,0,101028
1746601993490,client_4afddd7,gcc,198.6,387.4,0.0217,94614,67532,91430,0,91430
1746601993990,client_4afddd7,gcc,196.1,389.0,0.0209,102708,114422,132668,0,132668
1746601994490,client_4afddd7,gcc,197.4,391.2,0.021,128289,137613,140259,0,140259
1746601994990,client_4afddd7,gcc,198.9,394.9,0.0207,112390,86392,114641,0,114641
1746601995490,client_4afddd7,gcc,201.4,394.1,0.0216,107474,74992,100727,0,100727
1746601995990,client_4afddd7,gcc,206.2,397.3,0.0216,66686,68715,72303,0,72303
1746601996490,client_4afddd7,gcc,203.0,399.5,0.0214,68321,59532,79662,0,79662
1746601996990,client_4afddd7,gcc,209.1,400.3,0.021,25195,26272,32247,0,32247
1746601997490,client_4afddd7,gcc,213.5,398.2,0.0205,34567,29653,38439,0,38439
1746601997990,client_4afddd7,gcc,208.9,400.0,0.0214,25541,19977,25167,0,25167
1746601998490,client_4afddd7,gcc,209.0,407.1,0.0222,89140,59552,82995,0,82995
1746601998990,client_4afddd7,gcc,203.5,410.3,0.0235,90169,90099,108688,0,108688
1746601999490,client_4afddd7,gcc,207.1,414.8,0.0233,141468,117623,150523,0,150523
1746601999990,client_4afddd7,gcc,209.5,422.1,0.0216,111351,110486,122591,0,122591
1746602000490,client_4afddd7,gcc,210.5,421.2,0.0218,127706,102678,135036,0,135036
1746602000990,client_4afddd7,gcc,214.0,424.0,0.0223,110257,112503,141448,0,141448
1746602001490,client_4afddd7,gcc,222.5,419.8,0.0219,136166,142143,160790,0,160790
1746602001990,client_4afddd7,gcc,212.6,421.6,0.0215,206817,157244,192527,0,192527
1746602002490,client_4afddd7,gcc,219.9,414.8,0.0217,165865,147440,185793,0,185793
1746602002990,client_4afddd7,gcc,225.7,423.8,0.0217,248049,204715,229676,0,229676
1746602003490,client_4afddd7,gcc,224.2,422.8,0.0212,216738,169312,210219,0,210219
1746602003990,client_4afddd7,gcc,221.6,424.0,0.0212,212475,207924,228574,0,228574
1746602004490,client_4afddd7,gcc,230.5,429.0,0.021,183073,123347,169520,0,169520
1746602004990,client_4afddd7,gcc,232.5,432.7,0.0214,188062,212582,216133,0,216133
1746602005490,client_4afddd7,gcc,233.0,436.7,0.0221,161694,161843,181901,0,181901
1746602005990,client_4afddd7,gcc,237.3,436.6,0.0231,161343,160169,188530,0,188530
1746602006490,client_4afddd7,gcc,237.6,439.5,0.0218,159752,180358,196253,0,196253
1746602006990,client_4afddd7,gcc,240.4,441.2,0.0232,127334,140003,142729,0,142729
1746602007490,client_4afddd7,gcc,238.3,441.7,0.0235,183418,154534,218494,0,218494
1746602007990,client_4afddd7,gcc,237.9,442.4,0.023,234534,173983,242143,0,242143
1746602008490,client_4afddd7,gcc,235.5,450.3,0.0232,184065,145164,174806,0,174806
1746602008990,client_4afddd7,gcc,237.8,449.7,0.0223,162112,200459,207047,0,207047
1746602009490,client_4afddd7,gcc,234.3,454.1,0.0224,204430,194337,200910,0,200910
1746602009990,client_4afddd7,gcc,235.6,453.0,0.0214,213775,235072,245121,0,245121
1746602010490,client_4afddd7,gcc,235.2,451.7,0.0212,218987,172112,219574,0,219574
1746602010990,client_4afddd7,gcc,232.0,448.1,0.0223,305833,309949,310251,0,310251
1746602011490,client_4afddd7,gcc,225.3,446.4,0.0217,263945,276601,321102,0,321102
1746602011990,client_4afddd7,gcc,236.1,445.7,0.0209,185553,223561,239206,0,239206
1746602012490,client_4afddd7,gcc,234.1,444.5,0.0198,215911,203592,274364,0,274364
1746602012990,client_4afddd7,gcc,239.0,444.0,0.0207,247654,170092,239291,0,239291
1746602013490,client_4afddd7,gcc,245.5,444.3,0.0195,180283,135161,169368,0,169368
1746602013990,client_4afddd7,gcc,241.5,447.1,0.0205,211086,247119,275100,0,275100
1746602014490,client_4afddd7,gcc,243.7,448.7,0.0211,198447,193480,216635,0,216635
1746602014990,client_4afddd7,gcc,234.4,450.9,0.0197,134686,134391,176508,0,176508
1746602015490,client_4afddd7,gcc,234.6,448.3,0.0199,178678,221420,233577,0,233577
1746602015990,client_4afddd7,gcc,236.3,449.7,0.0183,242661,219862,255956,0,255956
1746602016490,client_4afddd7,gcc,242.2,451.5,0.0183,213953,165752,205560,0,205560
1746602016990,client_4afddd7,gcc,249.7,453.8,0.0178,198631,155773,192285,0,192285
1746602017490,client_4afddd7,gcc,240.1,459.7,0.0172,143195,157753,184519,0,184519
1746602017990,client_4afddd7,gcc,237.3,457.5,0.0169,180653,195434,210018,0,210018
1746602018490,client_4afddd7,gcc,238.4,459.9,0.018,249533,176410,250884,0,250884
1746602018990,client_4afddd7,gcc,230.3,467.5,0.0191,211066,196479,229694,0,229694
1746602019490,client_4afddd7,gcc,230.8,472.0,0.0204,195716,219062,235799,0,235799
1746602019990,client_4afddd7,gcc,229.2,473.5,0.0207,210218,200829,223386,0,223386
1746602020490,client_4afddd7,gcc,246.7,469.4,0.0208,181668,159928,182058,0,182058
1746602020990,client_4afddd7,gcc,250.0,468.1,0.0216,161813,150338,163615,0,163615
1746602021490,client_4afddd7,gcc,250.0,471.1,0.0225,218267,167438,214435,0,214435
1746602021990,client_4afddd7,gcc,250.0,478.6,0.0225,163541,144457,167340,0,167340
1746602022490,client_4afddd7,gcc,250.0,483.4,0.0221,134879,92138,130698,0,130698
1746602022990,client_4afddd7,gcc,250.0,485.8,0.0227,97371,96967,120378,0,120378
1746602023490,client_4afddd7,gcc,250.0,481.9,0.0242,147252,161526,180049,0,180049
1746602023990,client_4afddd7,gcc,250.0,480.3,0.025,176126,165753,212337,0,212337
1746602024490,client_4afddd7,gcc,250.0,481.8,0.0261,173462,142174,164720,0,164720
1746602024990,client_4afddd7,gcc,250.0,482.7,0.0259,181882,175181,226074,0,226074
1746602025490,client_4afddd7,gcc,250.0,479.5,0.0268,212815,219676,245004,0,245004
1746602025990,client_4afddd7,gcc,250.0,479.4,0.027,141795,145752,182506,0,182506
1746602026490,client_4afddd7,gcc,250.0,483.4,0.026,173277,169211,212382,0,212382
1746602026990,client_4afddd7,gcc,250.0,487.9,0.027,228931,188457,229794,0,229794
1746602027490,client_4afddd7,gcc,244.7,489.2,0.027,181808,179743,232430,0,232430
1746602027990,client_4afddd7,gcc,250.0,490.1,0.0257,166317,149514,209276,0,209276
1746602028490,client_4afddd7,gcc,250.0,492.7,0.0252,169640,156106,222020,0,222020
1746602028990,client_4afddd7,gcc,249.8,495.9,0.0257,173490,141224,183515,0,183515
1746602029490,client_4afddd7,gcc,248.0,500.0,0.0257,170200,133912,188565,0,188565
1746602029990,client_4afddd7,gcc,243.2,501.1,0.0261,92910,80516,106462,0,106462
1746602030490,client_4afddd7,gcc,240.1,504.4,0.0256,34387,36425,39796,0,39796
1746602030990,client_4afddd7,gcc,238.8,505.5,0.0267,64231,63413,65741,0,65741
1746602031490,client_4afddd7,gcc,239.6,506.9,0.0274,54908,60749,64358,0,64358
1746602031990,client_4afddd7,gcc,239.2,506.6,0.0287,24948,25982,26397,0,26397
1746602032490,client_4afddd7,gcc,235.4,506.0,0.0278,35891,38298,43337,0,43337
1746602032990,client_4afddd7,gcc,238.6,505.8,0.0281,7608,9858,10000,0,10000
1746602033490,client_4afddd7,gcc,239.9,507.9,0.0274,10024,7299,10000,0,10000
1746602033990,client_4afddd7,gcc,239.6,507.8,0.0282,9847,8196,10000,0,10000
1746602034490,client_4afddd7,gcc,239.4,510.3,0.0272,9888,7948,10000,0,10000
1746602034990,client_4afddd7,gcc,241.3,507.6,0.0272,91098,86647,96614,0,96614
1746602035490,client_4afddd7,gcc,238.7,505.1,0.0266,167128,127333,164415,0,164415
1746602035990,client_4afddd7,gcc,244.1,504.3,0.0272,98238,104923,118100,0,118100
1746602036490,client_4afddd7,gcc,250.0,500.5,0.0267,141993,104375,139070,0,139070
1746602036990,client_4afddd7,gcc,250.0,501.1,0.0257,62386,63453,80826,0,80826
1746602037490,client_4afddd7,gcc,248.7,501.8,0.0275,140429,139916,142595,0,142595
1746602037990,client_4afddd7,gcc,246.4,503.9,0.0267,108535,91308,112867,0,112867
1746602038490,client_4afddd7,gcc,247.4,505.2,0.0279,171410,152839,178657,0,178657
1746602038990,client_4afddd7,gcc,249.7,509.2,0.0279,86922,79427,109435,0,109435
1746602039490,client_4afddd7,gcc,250.0,510.4,0.0281,219079,180861,229842,0,229842
1746602039990,client_4afddd7,gcc,250.0,510.5,0.0289,229862,198396,225391,0,225391
1746602040490,client_4afddd7,gcc,250.0,511.5,0.0265,121771,129168,149029,0,149029
1746602040990,client_4afddd7,gcc,250.0,514.0,0.027,167343,140548,162605,0,162605
1746602041490,client_4afddd7,gcc,250.0,510.6,0.0255,176020,142861,163185,0,163185
1746602041990,client_4afddd7,gcc,250.0,513.7,0.0276,118255,113254,120878,0,120878
1746602042490,client_4afddd7,gcc,250.0,512.0,0.0276,173416,145334,167265,0,167265
1746602042990,client_4afddd7,gcc,250.0,517.0,0.0268,119655,122505,127266,0,127266
1746602043490,client_4afddd7,gcc,250.0,518.3,0.0261,137106,142758,174879,0,174879
1746602043990,client_4afddd7,gcc,250.0,524.2,0.0274,147484,173147,179495,0,179495
1746602044490,client_4afddd7,gcc,250.0,525.1,0.0277,161507,151510,211262,0,211262
1746602044990,client_4afddd7,gcc,250.0,524.5,0.0283,245381,201168,240689,0,240689
1746602045490,client_4afddd7,gcc,250.0,523.9,0.0263,189337,184061,186970,0,186970
1746602045990,client_4afddd7,gcc,250.0,523.1,0.0259,158739,147378,157221,0,157221
1746602046490,client_4afddd7,gcc,250.0,517.1,0.0269,240682,172907,223492,0,223492
1746602046990,client_4afddd7,gcc,250.0,514.1,0.0261,153154,139225,183042,0,183042
1746602047490,client_4afddd7,gcc,250.0,519.8,0.0262,193824,148981,182924,0,182924
1746602047990,client_4afddd7,gcc,250.0,517.9,0.0249,130288,110648,147973,0,147973
1746602048490,client_4afddd7,gcc,250.0,517.9,0.026,113597,111194,116132,0,116132
1746602048990,client_4afddd7,gcc,250.0,518.3,0.0253,8296,8899,10000,0,10000
1746602049490,client_4afddd7,gcc,250.0,521.1,0.0252,12107,12630,15929,0,15929
1746602049990,client_4afddd7,gcc,250.0,520.0,0.0275,56650,41750,56400,0,56400
1746602050490,client_4afddd7,gcc,250.0,524.8,0.028,39195,41873,42351,0,42351
1746602050990,client_4afddd7,gcc,250.0,522.1,0.0283,7893,9167,10000,0,10000
1746602051490,client_4afddd7,gcc,250.0,524.8,0.0282,8788,9216,10000,0,10000
1746602051990,client_4afddd7,gcc,250.0,525.8,0.0291,10646,8684,10000,0,10000
1746602052490,client_4afddd7,gcc,250.0,524.3,0.0274,10185,7777,10000,0,10000
1746602052990,client_4afddd7,gcc,250.0,529.5,0.0262,9013,8912,10000,0,10000
1746602053490,client_4afddd7,gcc,250.0,528.2,0.0247,9810,8445,10000,0,10000
1746602053990,client_4afddd7,gcc,250.0,520.3,0.024,7909,9270,10000,0,10000
1746602054490,client_4afddd7,gcc,250.0,525.9,0.0249,9741,9371,10000,0,10000
1746602054990,client_4afddd7,gcc,250.0,525.3,0.0247,9509,8187,10000,0,10000
1746602055490,client_4afddd7,gcc,250.0,528.1,0.0228,7917,8553,10000,0,10000
1746602055990,client_4afddd7,gcc,250.0,532.7,0.0225,10425,8369,10000,0,10000
1746602056490,client_4afddd7,gcc,250.0,537.4,0.0225,7984,8491,10000,0,10000
1746602056990,client_4afddd7,gcc,250.0,538.3,0.0208,9674,8342,10000,0,10000
1746602057490,client_4afddd7,gcc,250.0,539.0,0.0206,9841,7510,10000,0,10000
1746602057990,client_4afddd7,gcc,250.0,539.1,0.0207,8190,9499,10000,0,10000
1746602058490,client_4afddd7,gcc,250.0,538.1,0.0206,9836,7470,10000,0,10000
1746602058990,client_4afddd7,gcc,250.0,535.8,0.0214,9867,8486,10000,0,10000
1746602059490,client_4afddd7,gcc,250.0,538.3,0.0207,7945,8268,10000,0,10000
1746602059990,client_4afddd7,gcc,250.0,536.1,0.0193,10002,9685,10000,0,10000
1746602060490,client_4afddd7,gcc,250.0,534.1,0.0195,7562,8289,10000,0,10000
1746602060990,client_4afddd7,gcc,250.0,534.1,0.0192,10792,9667,10000,0,10000
1746602061490,client_4afddd7,gcc,250.0,532.7,0.0184,8326,8120,10000,0,10000
1746602061990,client_4afddd7,gcc,250.0,534.1,0.0193,9818,7383,10000,0,10000
1746602062490,client_4afddd7,gcc,250.0,533.8,0.0173,8309,7020,10000,0,10000
1746602062990,client_4afddd7,gcc,250.0,530.7,0.0187,9206,7063,10000,0,10000
1746602063490,client_4afddd7,gcc,250.0,533.6,0.0191,9866,7810,10000,0,10000
1746602063990,client_4afddd7,gcc,250.0,534.8,0.0189,8485,8748,10000,0,10000
1746602064490,client_4afddd7,gcc,250.0,543.1,0.0186,9284,7282,10000,0,10000
1746602064990,client_4afddd7,gcc,250.0,538.0,0.0182,9244,8106,10000,0,10000
1746602065490,client_4afddd7,gcc,250.0,536.1,0.0188,8129,7492,10000,0,10000
1746602065990,client_4afddd7,gcc,250.0,538.1,0.0196,10688,8213,10000,0,10000
1746602066490,client_4afddd7,gcc,250.0,534.8,0.0188,8652,9321,10000,0,10000
1746602066990,client_4afddd7,gcc,250.0,532.3,0.0183,9065,7376,10000,0,10000
1746602067490,client_4afddd7,gcc,250.0,536.9,0.0186,10376,8375,10000,0,10000
1746602067990,client_4afddd7,gcc,250.0,540.8,0.0196,10735,9861,10000,0,10000
1746602068490,client_4afddd7,gcc,250.0,540.2,0.0183,10474,9372,10000,0,10000
1746602068990,client_4afddd7,gcc,250.0,545.7,0.018,8246,8007,10000,0,10000
1746602069490,client_4afddd7,gcc,250.0,548.5,0.0188,9880,9132,10000,0,10000
1746602069990,client_4afddd7,gcc,250.0,548.9,0.0166,10267,8010,10000,0,10000
1746602070490,client_4afddd7,gcc,250.0,550.9,0.0156,10760,8430,10000,0,10000
1746602070990,client_4afddd7,gcc,250.0,557.2,0.0154,10656,8015,10000,0,10000
1746602071490,client_4afddd7,gcc,250.0,559.8,0.0156,10327,9213,10000,0,10000
1746602071990,client_4afddd7,gcc,250.0,560.4,0.0169,9900,7256,10000,0,10000
1746602072490,client_4afddd7,gcc,250.0,562.9,0.0175,7700,8369,10000,0,10000
1746602072990,client_4afddd7,gcc,250.0,563.0,0.0185,9615,8785,10000,0,10000
1746602073490,client_4afddd7,gcc,250.0,562.1,0.0205,7502,7349,10000,0,10000
1746602073990,client_4afddd7,gcc,250.0,562.5,0.0193,10118,8091,10000,0,10000
1746602074490,client_4afddd7,gcc,250.0,563.2,0.0196,9226,7415,10000,0,10000
1746602074990,client_4afddd7,gcc,250.0,564.3,0.0189,9837,7316,10000,0,10000
1746602075490,client_4afddd7,gcc,250.0,561.9,0.0194,9715,9757,10000,0,10000
1746602075990,client_4afddd7,gcc,250.0,562.4,0.0206,8360,7450,10000,0,10000
1746602076490,client_4afddd7,gcc,250.0,556.0,0.0201,8674,7944,10000,0,10000
1746602076990,client_4afddd7,gcc,250.0,555.9,0.0202,10600,8726,10000,0,10000
1746602077490,client_4afddd7,gcc,250.0,558.9,0.02,10797,8613,10000,0,10000
1746602077990,client_4afddd7,gcc,250.0,563.4,0.0188,10649,9196,10000,0,10000
1746602078490,client_4afddd7,gcc,250.0,562.4,0.0187,10617,8070,10000,0,10000
1746602078990,client_4afddd7,gcc,250.0,560.1,0.018,8682,7320,10000,0,10000
1746602079490,client_4afddd7,gcc,250.0,563.0,0.0183,8348,7864,10000,0,10000
1746602079990,client_4afddd7,gcc,250.0,567.7,0.0176,10111,9054,10000,0,10000
1746602080490,client_4afddd7,gcc,250.0,569.9,0.0184,9715,9082,10000,0,10000
1746602080990,client_4afddd7,gcc,250.0,573.2,0.0185,10216,7801,10000,0,10000
1746602081490,client_4afddd7,gcc,250.0,579.2,0.0184,9059,8702,10000,0,10000
1746602081990,client_4afddd7,gcc,250.0,578.7,0.0181,8967,9843,10000,0,10000
1746602082490,client_4afddd7,gcc,250.0,576.8,0.0185,8559,9672,10000,0,10000
1746602082990,client_4afddd7,gcc,250.0,573.6,0.0192,10369,9564,10000,0,10000
1746602083490,client_4afddd7,gcc,250.0,582.3,0.0196,10455,9097,10000,0,10000
1746602083990,client_4afddd7,gcc,250.0,582.3,0.0202,7566,8370,10000,0,10000
1746602084490,client_4afddd7,gcc,250.0,580.6,0.0226,9588,9651,10000,0,10000
1746602084990,client_4afddd7,gcc,250.0,590.2,0.0231,7741,7832,10000,0,10000
1746602085490,client_4afddd7,gcc,250.0,595.0,0.022,10465,7383,10000,0,10000
1746602085990,client_4afddd7,gcc,250.0,598.7,0.0223,8678,7144,10000,0,10000
1746602086490,client_4afddd7,gcc,250.0,601.2,0.0217,9985,9454,10000,0,10000
1746602086990,client_4afddd7,gcc,250.0,603.3,0.0223,9512,7064,10000,0,10000
1746602087490,client_4afddd7,gcc,250.0,603.0,0.0221,8229,7625,10000,0,10000
1746602087990,client_4afddd7,gcc,250.0,599.2,0.0223,7962,7470,10000,0,10000
1746602088490,client_4afddd7,gcc,250.0,600.2,0.0219,8290,7507,10000,0,10000
1746602088990,client_4afddd7,gcc,250.0,603.5,0.0215,8526,9825,10000,0,10000
1746602089490,client_4afddd7,gcc,250.0,600.6,0.0219,10681,8765,10000,0,10000
1746602089990,client_4afddd7,gcc,250.0,600.0,0.0227,8061,7692,10000,0,10000
1746602090490,client_4afddd7,gcc,250.0,597.4,0.0224,9517,7456,10000,0,10000
1746602090990,client_4afddd7,gcc,250.0,593.7,0.0226,7742,8981,10000,0,10000
1746602091490,client_4afddd7,gcc,250.0,598.5,0.0225,9952,9218,10000,0,10000
1746602091990,client_4afddd7,gcc,250.0,595.2,0.0226,10795,7503,10000,0,10000
1746602092490,client_4afddd7,gcc,250.0,596.0,0.0204,10245,9091,10000,0,10000
1746602092990,client_4afddd7,gcc,250.0,595.0,0.0174,8473,8774,10000,0,10000
1746602093490,client_4afddd7,gcc,250.0,591.6,0.0183,9733,9578,10000,0,10000
1746602093990,client_4afddd7,gcc,250.0,594.8,0.016,9789,7629,10000,0,10000
1746602094490,client_4afddd7,gcc,250.0,594.8,0.0153,9006,8033,10000,0,10000
1746602094990,client_4afddd7,gcc,250.0,595.8,0.015,9008,7320,10000,0,10000
1746602095490,client_4afddd7,gcc,250.0,590.3,0.0159,8421,9932,10000,0,10000
1746602095990,client_4afddd7,gcc,250.0,587.9,0.0161,7597,7311,10000,0,10000
1746602096490,client_4afddd7,gcc,250.0,592.3,0.0153,9129,8782,10000,0,10000
1746602096990,client_4afddd7,gcc,246.9,594.9,0.0154,9641,9683,10000,0,10000
1746602097490,client_4afddd7,gcc,248.8,597.8,0.0135,8751,9140,10000,0,10000
1746602097990,client_4afddd7,gcc,250.0,596.1,0.0145,9205,9996,10000,0,10000
1746602098490,client_4afddd7,gcc,250.0,596.4,0.0137,8812,9159,10000,0,10000
1746602098990,client_4afddd7,gcc,250.0,600.2,0.0127,10400,7197,10000,0,10000
1746602099490,client_4afddd7,gcc,250.0,601.2,0.0137,7925,9747,10000,0,10000
1746602099990,client_4afddd7,gcc,250.0,601.3,0.0118,8630,8142,10000,0,10000
1746602100490,client_4afddd7,gcc,250.0,605.7,0.0118,8443,9592,10000,0,10000
1746602100990,client_4afddd7,gcc,250.0,607.2,0.0121,9755,9851,10000,0,10000
1746602101490,client_4afddd7,gcc,250.0,609.8,0.0112,37752,38888,41775,0,41775
1746602101990,client_4afddd7,gcc,250.0,611.7,0.0091,99364,96802,98016,0,98016
1746602102490,client_4afddd7,gcc,250.0,615.8,0.009,104305,81436,104705,0,104705
1746602102990,client_4afddd7,gcc,250.0,619.8,0.0096,15430,15696,19666,0,19666
1746602103490,client_4afddd7,gcc,250.0,619.6,0.0086,62424,57651,58098,0,58098
1746602103990,client_4afddd7,gcc,250.0,622.6,0.0075,15135,17344,19496,0,19496
1746602104490,client_4afddd7,gcc,250.0,626.2,0.0077,8466,9194,10000,0,10000
1746602104990,client_4afddd7,gcc,250.0,620.5,0.0067,9464,9008,10000,0,10000
1746602105490,client_4afddd7,gcc,250.0,623.4,0.0063,9646,8776,10000,0,10000
1746602105990,client_4afddd7,gcc,250.0,627.0,0.0058,8208,8746,10000,0,10000
1746602106490,client_4afddd7,gcc,250.0,630.2,0.0054,7791,7415,10000,0,10000
1746602106990,client_4afddd7,gcc,250.0,630.3,0.0067,8267,8850,10000,0,10000
1746602107490,client_4afddd7,gcc,250.0,632.9,0.0075,10171,9479,10000,0,10000
1746602107990,client_4afddd7,gcc,250.0,635.9,0.0067,10112,7781,10000,0,10000
1746602108490,client_4afddd7,gcc,250.0,635.6,0.0069,20841,24317,24497,0,24497
1746602108990,client_4afddd7,gcc,250.0,633.8,0.0079,10400,7082,10000,0,10000
1746602109490,client_4afddd7,gcc,250.0,630.1,0.0073,7590,8068,10000,0,10000
1746602109990,client_4afddd7,gcc,250.0,635.8,0.0059,23940,28578,29849,0,29849
1746602110490,client_4afddd7,gcc,250.0,634.0,0.0056,41214,31852,44460,0,44460
1746602110990,client_4afddd7,gcc,250.0,637.9,0.0068,39708,36768,47290,0,47290
1746602111490,client_4afddd7,gcc,250.0,635.3,0.0073,8328,7078,10000,0,10000
1746602111990,client_4afddd7,gcc,250.0,637.5,0.0077,9496,7867,10000,0,10000
1746602112490,client_4afddd7,gcc,250.0,634.2,0.0076,74196,68798,74344,0,74344
1746602112990,client_4afddd7,gcc,250.0,632.1,0.0085,43885,31947,43069,0,43069
1746602113490,client_4afddd7,gcc,250.0,630.6,0.0089,21950,24270,29045,0,29045
1746602113990,client_4afddd7,gcc,250.0,630.2,0.0096,31106,27840,37072,0,37072
1746602114490,client_4afddd7,gcc,250.0,635.2,0.0118,10492,9794,10000,0,10000
1746602114990,client_4afddd7,gcc,250.0,635.8,0.0119,28978,28392,29735,0,29735
1746602115490,client_4afddd7,gcc,250.0,637.5,0.0121,34906,39233,40687,0,40687
1746602115990,client_4afddd7,gcc,250.0,633.6,0.0129,9658,9903,10000,0,10000
1746602116490,client_4afddd7,gcc,250.0,636.0,0.0131,9977,7860,10000,0,10000
1746602116990,client_4afddd7,gcc,250.0,636.9,0.0131,8792,9740,10000,0,10000
1746602117490,client_4afddd7,gcc,250.0,634.9,0.0143,9532,8009,10000,0,10000
1746602117990,client_4afddd7,gcc,250.0,638.1,0.0142,8737,7940,10000,0,10000
1746602118490,client_4afddd7,gcc,250.0,640.9,0.0128,9340,7973,10000,0,10000
1746602118990,client_4afddd7,gcc,250.0,635.3,0.012,49575,49224,63373,0,63373
1746602119490,client_4afddd7,gcc,250.0,635.4,0.0124,8643,8869,10000,0,10000
1746602119990,client_4afddd7,gcc,250.0,634.2,0.0117,8927,8671,10000,0,10000
1746602120490,client_4afddd7,gcc,250.0,634.9,0.011,9269,9847,10000,0,10000
1746602120990,client_4afddd7,gcc,250.0,632.9,0.0123,8940,9651,10000,0,10000
1746602121490,client_4afddd7,gcc,250.0,636.2,0.0109,95224,89320,103804,0,103804
1746602121990,client_4afddd7,gcc,250.0,640.2,0.0115,32470,34782,41654,0,41654
1746602122490,client_4afddd7,gcc,250.0,642.7,0.0106,39639,31063,38315,0,38315
1746602122990,client_4afddd7,gcc,250.0,641.9,0.012,65151,54931,62511,0,62511
1746602123490,client_4afddd7,gcc,250.0,640.4,0.0106,103283,97305,97884,0,97884
1746602123990,client_4afddd7,gcc,250.0,642.3,0.0108,143951,118038,133856,0,133856
1746602124490,client_4afddd7,gcc,250.0,647.6,0.013,74822,72331,90932,0,90932
1746602124990,client_4afddd7,gcc,250.0,650.4,0.0112,139847,138923,148687,0,148687
1746602125490,client_4afddd7,gcc,250.0,648.3,0.0123,154139,123472,150896,0,150896
1746602125990,client_4afddd7,gcc,250.0,652.1,0.0114,112509,117342,131860,0,131860
1746602126490,client_4afddd7,gcc,250.0,648.7,0.0114,83310,65968,78952,0,78952
1746602126990,client_4afddd7,gcc,250.0,653.0,0.0102,100382,76971,103383,0,103383
1746602127490,client_4afddd7,gcc,250.0,651.6,0.0094,117218,109899,126312,0,126312
1746602127990,client_4afddd7,gcc,250.0,651.5,0.0089,193454,144827,199222,0,199222
1746602128490,client_4afddd7,gcc,250.0,654.7,0.0085,274889,243419,257220,0,257220
1746602128990,client_4afddd7,gcc,250.0,657.4,0.0079,173640,181388,188822,0,188822
1746602129490,client_4afddd7,gcc,250.0,655.0,0.006,116952,105860,144472,0,144472
1746602129990,client_4afddd7,gcc,250.0,651.5,0.0061,265065,239200,253074,0,253074
1746602130490,client_4afddd7,gcc,250.0,656.9,0.0048,276369,297491,310242,0,310242
1746602130990,client_4afddd7,gcc,250.0,655.9,0.004,289758,278194,336211,0,336211
1746602131490,client_4afddd7,gcc,250.0,663.4,0.0052,294859,324375,351840,0,351840
1746602131990,client_4afddd7,gcc,250.0,661.9,0.0062,371396,365162,375287,0,375287
1746602132490,client_4afddd7,gcc,250.0,663.2,0.0061,359489,380936,392823,0,392823
1746602132990,client_4afddd7,gcc,250.0,663.8,0.0058,384093,347414,362677,0,362677
1746602133490,client_4afddd7,gcc,250.0,661.6,0.0044,316444,339250,349143,0,349143
1746602133990,client_4afddd7,gcc,250.0,661.5,0.0037,320292,313188,389597,0,389597
1746602134490,client_4afddd7,gcc,250.0,661.7,0.0043,388682,315092,362723,0,362723
1746602134990,client_4afddd7,gcc,250.0,664.3,0.0032,312604,357611,362135,0,362135
1746602135490,client_4afddd7,gcc,250.0,663.3,0.0027,319837,253780,300594,0,300594
1746602135990,client_4afddd7,gcc,250.0,662.6,0.004,272467,239729,267477,0,267477
1746602136490,client_4afddd7,gcc,250.0,663.1,0.0049,282618,253525,304281,0,304281
1746602136990,client_4afddd7,gcc,250.0,670.7,0.0047,232178,203670,233030,0,233030
1746602137490,client_4afddd7,gcc,250.0,666.8,0.005,262153,223311,280234,0,280234
1746602137990,client_4afddd7,gcc,250.0,667.0,0.0051,151691,190584,198775,0,198775
1746602138490,client_4afddd7,gcc,250.0,665.3,0.0067,247152,174048,245125,0,245125
1746602138990,client_4afddd7,gcc,250.0,665.1,0.0057,210506,195324,226386,0,226386
1746602139490,client_4afddd7,gcc,250.0,662.9,0.0056,129039,141960,159541,0,159541
1746602139990,client_4afddd7,gcc,250.0,662.3,0.0048,168699,135526,157026,0,157026
1746602140490,client_4afddd7,gcc,250.0,666.3,0.0039,34518,36720,38794,0,38794
1746602140990,client_4afddd7,gcc,250.0,670.0,0.0034,11669,9069,11597,0,11597
1746602141490,client_4afddd7,gcc,250.0,676.1,0.0062,9331,7474,10000,0,10000
1746602141990,client_4afddd7,gcc,250.0,676.1,0.0059,18784,16755,21009,0,21009
1746602142490,client_4afddd7,gcc,250.0,677.2,0.0072,78655,86734,89770,0,89770
1746602142990,client_4afddd7,gcc,250.0,672.3,0.0078,25540,29139,29944,0,29944
1746602143490,client_4afddd7,gcc,250.0,671.8,0.0083,52407,62164,62829,0,62829
1746602143990,client_4afddd7,gcc,250.0,677.7,0.0082,8152,7634,10000,0,10000
1746602144490,client_4afddd7,gcc,250.0,674.8,0.0065,25092,23965,33399,0,33399
1746602144990,client_4afddd7,gcc,250.0,674.3,0.0057,7839,8498,10000,0,10000
1746602145490,client_4afddd7,gcc,250.0,677.3,0.0042,43338,35770,48753,0,48753
1746602145990,client_4afddd7,gcc,250.0,682.0,0.0048,40574,33978,44583,0,44583
1746602146490,client_4afddd7,gcc,250.0,683.0,0.0071,54292,50253,66452,0,66452
1746602146990,client_4afddd7,gcc,250.0,683.1,0.0079,38622,32024,42571,0,42571
1746602147490,client_4afddd7,gcc,250.0,687.7,0.0087,82280,74543,80992,0,80992
1746602147990,client_4afddd7,gcc,250.0,685.8,0.011,10674,9551,10000,0,10000
1746602148490,client_4afddd7,gcc,250.0,690.7,0.01,9603,9341,10000,0,10000
1746602148990,client_4afddd7,gcc,250.0,695.3,0.0108,9563,8187,10000,0,10000
1746602149490,client_4afddd7,gcc,250.0,693.3,0.0111,8732,9556,10000,0,10000
1746602149990,client_4afddd7,gcc,250.0,696.0,0.0103,9717,9270,10000,0,10000
1746602150490,client_4afddd7,gcc,250.0,697.6,0.0113,8758,9164,10000,0,10000
1746602150990,client_4afddd7,gcc,250.0,702.6,0.011,8575,9599,10000,0,10000
1746602151490,client_4afddd7,gcc,250.0,697.7,0.0109,9066,7217,10000,0,10000
1746602151990,client_4afddd7,gcc,250.0,701.4,0.0095,8977,7387,10000,0,10000
1746602152490,client_4afddd7,gcc,250.0,703.8,0.0096,9927,7459,10000,0,10000
1746602152990,client_4afddd7,gcc,250.0,701.1,0.0104,9013,8695,10000,0,10000
1746602153490,client_4afddd7,gcc,250.0,700.7,0.0107,8548,8166,10000,0,10000
1746602153990,client_4afddd7,gcc,250.0,705.5,0.0099,10216,8610,10000,0,10000
1746602154490,client_4afddd7,gcc,250.0,712.1,0.0096,10197,9129,10000,0,10000
1746602154990,client_4afddd7,gcc,250.0,706.8,0.0092,8173,7230,10000,0,10000
1746602155490,client_4afddd7,gcc,250.0,706.3,0.0097,10766,8431,10000,0,10000
1746602155990,client_4afddd7,gcc,250.0,707.8,0.0093,21435,19712,20505,0,20505
1746602156490,client_4afddd7,gcc,250.0,707.9,0.0099,10748,7622,10000,0,10000
1746602156990,client_4afddd7,gcc,250.0,707.5,0.0092,9900,8861,10000,0,10000
1746602157490,client_4afddd7,gcc,250.0,714.7,0.0093,7590,8912,10000,0,10000
1746602157990,client_4afddd7,gcc,250.0,714.1,0.0096,8146,8751,10000,0,10000
1746602158490,client_4afddd7,gcc,250.0,715.3,0.0073,8016,9007,10000,0,10000
1746602158990,client_4afddd7,gcc,250.0,714.5,0.008,9989,7805,10000,0,10000
1746602159490,client_4afddd7,gcc,250.0,717.6,0.0103,9704,7489,10000,0,10000
1746602159990,client_4afddd7,gcc,250.0,714.3,0.0107,8383,8948,10000,0,10000
1746602160490,client_4afddd7,gcc,250.0,715.8,0.0109,8664,7830,10000,0,10000
1746602160990,client_4afddd7,gcc,250.0,722.8,0.0109,8384,9821,10000,0,10000
1746602161490,client_4afddd7,gcc,250.0,726.4,0.0115,10700,7216,10000,0,10000
1746602161990,client_4afddd7,gcc,250.0,729.3,0.0125,9000,8276,10000,0,10000
1746602162490,client_4afddd7,gcc,250.0,724.2,0.0132,33395,30235,32262,0,32262
1746602162990,client_4afddd7,gcc,250.0,724.6,0.0126,40345,45295,50904,0,50904
1746602163490,client_4afddd7,gcc,250.0,726.7,0.0127,8466,8070,10000,0,10000
1746602163990,client_4afddd7,gcc,250.0,729.6,0.0119,9756,7054,10000,0,10000
1746602164490,client_4afddd7,gcc,250.0,727.4,0.0124,8797,7702,10000,0,10000
1746602164990,client_4afddd7,gcc,250.0,726.7,0.0118,21262,16606,19817,0,19817
1746602165490,client_4afddd7,gcc,250.0,724.0,0.0129,8868,9328,10000,0,10000
1746602165990,client_4afddd7,gcc,250.0,725.4,0.0126,7981,8009,10000,0,10000
1746602166490,client_4afddd7,gcc,250.0,724.7,0.0156,8262,9858,10000,0,10000
1746602166990,client_4afddd7,gcc,250.0,727.0,0.0152,10599,9204,10000,0,10000
1746602167490,client_4afddd7,gcc,250.0,733.4,0.0157,9420,9600,10000,0,10000
1746602167990,client_4afddd7,gcc,250.0,733.3,0.0156,9379,9473,10000,0,10000
